src/test/data/Beispiel_Rasterfile.asc
ncols         301
nrows         209
xllcorner     2626957.5
yllcorner     1238402.5
cellsize      5
NODATA_value  -100
[rows 170 to 203 of 209, columns 0 to 75 of 301]
-100.00 -100.00 -100.00 -100.00 -100.00 -100.00 -100.00 -100.00 -100.00 -100.00 -100.00 -100.00 -100.00 -100.00 -100.00 -100.00 -100.00 -100.00 -100.00 -100.00 -100.00 -100.00 -100.00 -100.00 -100.00 -100.00 -100.00 49.60 38.75 37.30 38.18 40.01 50.03 54.92 55.26 54.72 55.10 54.55 53.75 53.41 54.56 54.31 54.86 52.61 52.74 50.93 46.19 47.58 45.52 45.46 46.03 49.14 37.68 37.88 42.79 41.25 46.03 49.00 46.10 42.32 43.79 49.14 44.82 52.99 40.02 41.93 39.77 44.78 46.68 54.85 42.00 55.45 44.83 41.48 48.00 48.43
-100.00 -100.00 -100.00 -100.00 -100.00 -100.00 -100.00 -100.00 -100.00 -100.00 -100.00 -100.00 -100.00 -100.00 -100.00 -100.00 -100.00 -100.00 -100.00 -100.00 -100.00 -100.00 -100.00 -100.00 -100.00 -100.00 -100.00 -100.00 39.04 38.22 39.35 48.92 54.74 55.21 54.75 54.22 55.72 53.85 53.63 54.43 53.37 54.76 54.69 52.35 52.70 49.26 47.20 46.28 45.70 46.66 48.52 42.38 39.29 37.42 43.55 46.46 50.65 47.85 43.22 43.85 46.10 44.60 50.21 42.81 37.95 42.24 41.80 45.50 53.73 49.48 51.56 46.40 42.90 41.42 47.85 54.48
-100.00 -100.00 -100.00 -100.00 -100.00 -100.00 -100.00 -100.00 -100.00 -100.00 -100.00 -100.00 -100.00 -100.00 -100.00 -100.00 -100.00 -100.00 -100.00 -100.00 -100.00 -100.00 -100.00 -100.00 -100.00 -100.00 -100.00 -100.00 39.24 40.59 47.33 54.71 55.43 53.15 52.88 56.10 54.35 53.59 54.52 53.84 54.59 55.14 52.70 53.54 50.76 46.90 47.25 46.18 46.70 48.82 48.28 38.16 37.33 40.86 37.24 52.51 48.29 43.65 42.53 44.05 48.96 39.99 51.79 41.47 41.73 41.51 46.24 53.11 56.58 42.16 49.36 40.59 42.58 47.31 54.20 54.32
-100.00 -100.00 -100.00 -100.00 -100.00 -100.00 -100.00 -100.00 -100.00 -100.00 -100.00 -100.00 -100.00 -100.00 -100.00 -100.00 -100.00 -100.00 -100.00 -100.00 -100.00 -100.00 -100.00 -100.00 -100.00 -100.00 -100.00 -100.00 -100.00 47.30 54.57 55.31 54.55 54.32 55.90 54.64 53.65 54.31 53.74 54.22 54.79 52.92 53.51 50.63 46.45 47.46 46.52 46.77 48.01 48.79 40.25 39.55 40.38 43.40 48.69 48.71 44.15 43.24 49.75 49.66 42.45 43.76 44.10 43.67 42.63 46.26 52.64 58.12 46.99 40.10 40.54 42.19 46.27 53.39 59.02 51.71
-100.00 -100.00 -100.00 -100.00 -100.00 -100.00 -100.00 -100.00 -100.00 -100.00 -100.00 -100.00 -100.00 -100.00 -100.00 -100.00 -100.00 -100.00 -100.00 -100.00 -100.00 -100.00 -100.00 -100.00 -100.00 -100.00 -100.00 -100.00 -100.00 54.59 55.59 54.39 53.92 55.56 55.04 53.64 53.88 35.77 54.07 54.97 52.84 52.46 50.57 45.93 47.74 47.42 46.84 47.92 53.32 42.13 39.55 40.54 43.50 51.67 49.20 48.14 43.84 44.26 49.37 51.57 51.42 47.17 43.85 45.98 49.18 52.34 59.74 48.10 42.59 41.34 43.62 43.98 52.08 54.98 55.25 52.77
-100.00 -100.00 -100.00 -100.00 -100.00 -100.00 -100.00 -100.00 -100.00 -100.00 -100.00 -100.00 -100.00 -100.00 -100.00 -100.00 -100.00 -100.00 -100.00 -100.00 -100.00 -100.00 -100.00 -100.00 -100.00 -100.00 -100.00 -100.00 -100.00 -100.00 54.07 53.70 55.08 55.19 53.78 53.71 36.18 35.97 37.09 52.78 52.36 53.26 49.01 47.37 47.98 46.88 48.02 50.92 43.81 40.67 40.69 42.60 51.30 50.37 48.35 44.14 44.69 41.13 35.83 49.09 48.62 45.23 47.31 49.35 51.67 59.59 51.49 47.55 41.12 42.33 43.66 50.81 57.80 58.47 51.97 51.51
-100.00 -100.00 -100.00 -100.00 -100.00 -100.00 -100.00 -100.00 -100.00 -100.00 -100.00 -100.00 -100.00 -100.00 -100.00 -100.00 -100.00 -100.00 -100.00 -100.00 -100.00 -100.00 -100.00 -100.00 -100.00 -100.00 -100.00 -100.00 -100.00 -100.00 53.68 54.64 55.55 53.75 53.88 38.46 37.71 39.46 45.91 50.48 53.44 49.01 47.07 48.56 47.36 47.83 50.37 47.03 41.90 42.01 43.43 49.27 51.77 48.37 45.02 46.92 36.91 41.40 39.78 48.99 45.56 48.06 49.33 51.86 58.70 55.59 46.90 44.96 42.26 43.33 47.73 57.54 45.92 43.71 46.13 52.48
-100.00 -100.00 -100.00 -100.00 -100.00 -100.00 -100.00 -100.00 -100.00 -100.00 -100.00 -100.00 -100.00 -100.00 -100.00 -100.00 -100.00 -100.00 -100.00 -100.00 -100.00 -100.00 -100.00 -100.00 -100.00 -100.00 -100.00 -100.00 -100.00 -100.00 -100.00 54.41 53.74 53.83 42.34 36.65 35.28 49.80 37.78 52.10 51.86 46.73 48.10 48.06 48.03 50.08 47.83 42.70 42.66 43.73 44.36 53.05 49.09 44.53 36.93 40.15 39.32 39.38 50.39 47.21 47.14 49.71 52.55 57.41 57.08 44.60 39.22 38.91 43.55 46.14 55.89 57.85 41.16 52.59 43.96 50.45
-100.00 -100.00 -100.00 -100.00 -100.00 -100.00 -100.00 -100.00 -100.00 -100.00 -100.00 -100.00 -100.00 -100.00 -100.00 -100.00 -100.00 -100.00 -100.00 -100.00 -100.00 -100.00 -100.00 -100.00 -100.00 -100.00 -100.00 -100.00 -100.00 -100.00 -100.00 53.47 53.58 43.49 37.92 34.91 37.06 36.58 46.19 53.31 48.47 47.82 48.47 48.23 50.12 48.88 45.47 42.90 44.14 47.05 51.86 50.83 45.88 42.69 38.31 39.79 39.62 51.67 49.67 47.87 48.62 51.88 53.18 57.30 49.29 41.08 41.35 41.15 45.43 53.50 58.43 45.53 41.00 46.12 41.45 47.84
-100.00 -100.00 -100.00 -100.00 -100.00 -100.00 -100.00 -100.00 -100.00 -100.00 -100.00 -100.00 -100.00 -100.00 -100.00 -100.00 -100.00 -100.00 -100.00 -100.00 -100.00 -100.00 -100.00 -100.00 -100.00 -100.00 -100.00 -100.00 -100.00 -100.00 -100.00 -100.00 51.80 39.94 37.59 37.86 37.38 40.58 53.06 46.77 47.12 41.63 42.03 50.33 49.93 46.53 43.39 44.53 47.62 51.69 51.64 49.05 44.55 40.77 39.50 37.58 50.14 51.26 48.26 49.79 52.50 53.25 52.61 45.19 45.85 41.54 42.73 45.89 52.65 57.07 49.29 46.27 41.43 42.35 47.71 43.81
-100.00 -100.00 -100.00 -100.00 -100.00 -100.00 -100.00 -100.00 -100.00 -100.00 -100.00 -100.00 -100.00 -100.00 -100.00 -100.00 -100.00 -100.00 -100.00 -100.00 -100.00 -100.00 -100.00 -100.00 -100.00 -100.00 -100.00 -100.00 -100.00 -100.00 -100.00 -100.00 32.56 37.69 37.00 37.91 40.22 53.07 49.07 46.98 49.22 47.05 41.67 51.37 46.32 45.94 44.83 46.93 51.46 52.42 50.74 45.96 43.56 41.37 39.74 48.92 51.44 49.36 50.31 52.80 53.13 53.35 52.11 46.15 43.06 42.93 45.96 51.69 56.69 52.71 49.45 48.26 45.38 44.98 42.23 46.24
-100.00 -100.00 -100.00 -100.00 -100.00 -100.00 -100.00 -100.00 -100.00 -100.00 -100.00 -100.00 -100.00 -100.00 -100.00 -100.00 -100.00 -100.00 -100.00 -100.00 -100.00 -100.00 -100.00 -100.00 -100.00 -100.00 -100.00 -100.00 -100.00 -100.00 -100.00 -100.00 -100.00 38.71 39.39 39.90 52.39 51.55 49.51 42.16 48.33 45.99 50.05 47.98 46.81 45.94 47.33 51.24 43.56 44.14 38.00 44.72 43.05 41.16 42.27 51.23 50.16 49.81 52.01 53.02 53.15 51.63 45.34 46.39 43.71 45.17 48.35 56.72 57.57 50.10 48.66 50.33 44.62 41.69 45.85 42.90
-100.00 -100.00 -100.00 -100.00 -100.00 -100.00 -100.00 -100.00 -100.00 -100.00 -100.00 -100.00 -100.00 -100.00 -100.00 -100.00 -100.00 -100.00 -100.00 -100.00 -100.00 -100.00 -100.00 -100.00 -100.00 -100.00 -100.00 -100.00 -100.00 -100.00 -100.00 -100.00 -100.00 -100.00 40.92 52.27 52.80 49.69 49.03 44.45 45.26 53.00 48.90 46.18 45.90 47.69 51.75 50.32 39.23 43.53 38.18 43.10 43.17 42.73 51.67 51.30 49.13 52.75 52.88 52.89 50.93 46.18 46.71 43.96 45.10 47.56 54.94 56.10 50.99 50.05 39.32 49.74 47.85 40.73 43.26 39.63
-100.00 -100.00 -100.00 -100.00 -100.00 -100.00 -100.00 -100.00 -100.00 -100.00 -100.00 -100.00 -100.00 -100.00 -100.00 -100.00 -100.00 -100.00 -100.00 -100.00 -100.00 -100.00 -100.00 -100.00 -100.00 -100.00 -100.00 -100.00 -100.00 -100.00 -100.00 -100.00 -100.00 -100.00 47.60 53.27 50.08 49.56 48.96 46.10 53.42 49.08 46.78 46.94 48.31 50.44 51.01 44.34 40.12 37.98 39.55 43.06 43.14 51.59 50.98 49.93 52.60 52.89 52.85 50.93 45.89 48.92 46.92 45.43 47.16 53.60 56.84 52.06 41.37 44.03 43.53 50.92 45.55 40.86 40.78 41.54
-100.00 -100.00 -100.00 -100.00 -100.00 -100.00 -100.00 -100.00 -100.00 -100.00 -100.00 -100.00 -100.00 -100.00 -100.00 -100.00 -100.00 -100.00 -100.00 -100.00 -100.00 -100.00 -100.00 -100.00 -100.00 -100.00 -100.00 -100.00 -100.00 -100.00 -100.00 -100.00 -100.00 -100.00 -100.00 49.82 50.31 49.19 46.89 51.07 49.58 46.90 47.06 48.64 36.08 39.40 46.95 42.90 41.17 41.01 43.77 44.35 50.21 51.17 49.95 52.63 52.51 52.87 50.57 51.58 50.17 47.72 49.51 46.86 52.79 56.48 55.19 43.76 48.20 48.62 43.05 48.32 43.00 41.26 41.86 48.66
-100.00 -100.00 -100.00 -100.00 -100.00 -100.00 -100.00 -100.00 -100.00 -100.00 -100.00 -100.00 -100.00 -100.00 -100.00 -100.00 -100.00 -100.00 -100.00 -100.00 -100.00 -100.00 -100.00 -100.00 -100.00 -100.00 -100.00 -100.00 -100.00 -100.00 -100.00 -100.00 -100.00 -100.00 -100.00 37.38 49.41 47.08 51.14 50.16 47.06 47.19 48.90 39.38 44.70 41.85 37.59 43.36 43.10 45.32 46.10 49.47 40.73 38.44 52.09 52.37 52.43 55.51 55.80 48.02 50.06 50.63 46.79 51.35 55.61 56.39 46.00 40.53 41.09 46.34 49.48 47.55 44.22 43.46 50.67 54.90
-100.00 -100.00 -100.00 -100.00 -100.00 -100.00 -100.00 -100.00 -100.00 -100.00 -100.00 -100.00 -100.00 -100.00 -100.00 -100.00 -100.00 -100.00 -100.00 -100.00 -100.00 -100.00 -100.00 -100.00 -100.00 -100.00 -100.00 -100.00 -100.00 -100.00 -100.00 -100.00 -100.00 -100.00 -100.00 -100.00 48.81 52.10 50.91 47.60 47.35 49.07 46.71 42.89 41.46 44.01 38.28 44.80 47.30 45.68 49.36 52.21 47.30 43.89 52.56 52.51 57.94 56.35 52.34 50.49 50.45 50.89 50.14 55.04 55.32 50.25 43.92 42.06 45.47 51.10 48.53 48.12 45.25 50.42 55.30 38.40
-100.00 -100.00 -100.00 -100.00 -100.00 -100.00 -100.00 -100.00 -100.00 -100.00 -100.00 -100.00 -100.00 -100.00 -100.00 -100.00 -100.00 -100.00 -100.00 -100.00 -100.00 -100.00 -100.00 -100.00 -100.00 -100.00 -100.00 -100.00 -100.00 -100.00 -100.00 -100.00 -100.00 -100.00 -100.00 -100.00 51.88 51.81 48.69 47.14 49.66 49.86 46.88 45.52 43.09 42.02 46.12 49.06 46.84 47.53 50.97 39.77 36.35 49.87 52.53 55.88 55.98 53.27 49.08 50.73 50.73 48.89 54.29 55.76 52.14 45.54 43.37 44.42 48.47 48.81 48.22 45.99 49.79 52.58 46.94 39.65
-100.00 -100.00 -100.00 -100.00 -100.00 -100.00 -100.00 -100.00 -100.00 -100.00 -100.00 -100.00 -100.00 -100.00 -100.00 -100.00 -100.00 -100.00 -100.00 -100.00 -100.00 -100.00 -100.00 -100.00 -100.00 -100.00 -100.00 -100.00 -100.00 -100.00 -100.00 -100.00 -100.00 -100.00 -100.00 -100.00 -100.00 48.60 47.46 48.84 49.43 48.26 47.82 48.99 44.12 47.84 48.88 47.56 46.07 40.41 40.22 40.62 42.58 52.27 52.77 56.15 56.30 49.03 50.15 50.89 51.06 54.44 42.26 37.64 48.29 44.53 45.10 47.00 49.27 47.98 47.50 48.31 53.43 51.12 41.56 39.89
-100.00 -100.00 -100.00 -100.00 -100.00 -100.00 -100.00 -100.00 -100.00 -100.00 -100.00 -100.00 -100.00 -100.00 -100.00 -100.00 -100.00 -100.00 -100.00 -100.00 -100.00 -100.00 -100.00 -100.00 -100.00 -100.00 -100.00 -100.00 -100.00 -100.00 -100.00 -100.00 -100.00 -100.00 -100.00 -100.00 -100.00 38.73 33.42 49.22 48.45 48.62 49.47 49.68 49.88 49.63 48.72 50.09 48.90 41.27 35.93 42.84 52.02 52.11 56.14 56.10 50.27 48.55 50.82 50.86 54.27 52.96 47.13 44.80 47.59 45.82 47.85 51.38 49.42 47.51 48.17 53.43 52.70 47.11 40.02 39.18
-100.00 -100.00 -100.00 -100.00 -100.00 -100.00 -100.00 -100.00 -100.00 -100.00 -100.00 -100.00 -100.00 -100.00 -100.00 -100.00 -100.00 -100.00 -100.00 -100.00 -100.00 -100.00 -100.00 -100.00 -100.00 -100.00 -100.00 -100.00 -100.00 -100.00 -100.00 -100.00 -100.00 -100.00 -100.00 -100.00 -100.00 -100.00 37.99 49.86 49.44 49.15 49.89 49.97 48.46 49.56 48.37 46.68 42.44 43.19 36.78 52.37 52.30 55.77 55.49 52.13 48.44 49.52 43.70 40.03 50.89 43.35 37.75 43.72 46.96 48.45 52.30 50.45 48.43 47.77 53.53 39.15 47.37 43.94 38.67 38.78
-100.00 -100.00 -100.00 -100.00 -100.00 -100.00 -100.00 -100.00 -100.00 -100.00 -100.00 -100.00 -100.00 -100.00 -100.00 -100.00 -100.00 -100.00 -100.00 -100.00 -100.00 -100.00 -100.00 -100.00 -100.00 -100.00 -100.00 -100.00 -100.00 -100.00 -100.00 -100.00 -100.00 -100.00 -100.00 -100.00 -100.00 -100.00 49.28 50.05 50.37 49.75 49.59 48.26 49.31 48.68 49.03 39.57 46.75 39.52 42.82 52.09 55.49 54.88 52.52 48.44 48.03 48.05 48.15 44.24 47.93 40.09 42.55 47.11 48.35 50.35 51.16 49.02 48.58 51.86 43.59 38.06 44.03 40.49 39.11 39.67
-100.00 -100.00 -100.00 -100.00 -100.00 -100.00 -100.00 -100.00 -100.00 -100.00 -100.00 -100.00 -100.00 -100.00 -100.00 -100.00 -100.00 -100.00 -100.00 -100.00 -100.00 -100.00 -100.00 -100.00 -100.00 -100.00 -100.00 -100.00 -100.00 -100.00 -100.00 -100.00 -100.00 -100.00 -100.00 -100.00 -100.00 -100.00 -100.00 48.19 50.21 49.68 36.29 35.67 47.74 50.50 47.16 40.76 40.60 43.23 51.93 55.25 54.94 55.16 50.63 50.22 49.79 41.11 51.98 44.69 39.01 46.22 45.28 48.39 50.42 52.16 49.62 48.39 51.48 42.59 41.86 40.83 44.32 39.69 39.25 41.33
-100.00 -100.00 -100.00 -100.00 -100.00 -100.00 -100.00 -100.00 -100.00 -100.00 -100.00 -100.00 -100.00 -100.00 -100.00 -100.00 -100.00 -100.00 -100.00 -100.00 -100.00 -100.00 -100.00 -100.00 -100.00 -100.00 -100.00 -100.00 -100.00 -100.00 -100.00 -100.00 -100.00 -100.00 -100.00 -100.00 -100.00 -100.00 -100.00 52.24 48.91 41.72 39.99 37.00 49.90 47.34 44.66 48.94 49.17 51.95 57.41 44.14 38.95 37.26 50.44 50.75 47.97 42.97 49.11 45.28 41.57 46.46 48.81 49.59 52.49 50.07 37.11 37.84 50.24 39.92 41.90 41.54 44.26 39.65 41.08 42.01
-100.00 -100.00 -100.00 -100.00 -100.00 -100.00 -100.00 -100.00 -100.00 -100.00 -100.00 -100.00 -100.00 -100.00 -100.00 -100.00 -100.00 -100.00 -100.00 -100.00 -100.00 -100.00 -100.00 -100.00 -100.00 -100.00 -100.00 -100.00 -100.00 -100.00 -100.00 -100.00 -100.00 -100.00 -100.00 -100.00 -100.00 -100.00 -100.00 -100.00 45.89 40.02 37.46 41.94 47.44 47.18 49.06 49.98 52.02 55.99 55.69 43.31 37.16 42.31 50.32 50.73 47.27 41.24 38.97 39.62 47.43 48.82 49.00 50.60 38.25 39.99 40.40 51.12 47.45 41.04 41.31 41.79 40.42 41.07 42.85 41.95
-100.00 -100.00 -100.00 -100.00 -100.00 -100.00 -100.00 -100.00 -100.00 -100.00 -100.00 -100.00 -100.00 -100.00 -100.00 -100.00 -100.00 -100.00 -100.00 -100.00 -100.00 -100.00 -100.00 -100.00 -100.00 -100.00 -100.00 -100.00 -100.00 -100.00 -100.00 -100.00 -100.00 -100.00 -100.00 -100.00 -100.00 -100.00 -100.00 -100.00 43.26 39.49 43.71 50.42 49.98 51.80 52.13 53.97 56.18 54.11 41.21 35.17 40.64 48.93 50.43 47.39 43.55 43.35 42.98 49.54 48.22 49.07 50.60 46.62 42.21 42.60 44.52 49.65 44.18 41.35 42.55 43.80 41.94 42.69 42.93 42.69
-100.00 -100.00 -100.00 -100.00 -100.00 -100.00 -100.00 -100.00 -100.00 -100.00 -100.00 -100.00 -100.00 -100.00 -100.00 -100.00 -100.00 -100.00 -100.00 -100.00 -100.00 -100.00 -100.00 -100.00 -100.00 -100.00 -100.00 -100.00 -100.00 -100.00 -100.00 -100.00 -100.00 -100.00 -100.00 -100.00 -100.00 -100.00 -100.00 -100.00 -100.00 46.83 50.67 53.82 52.14 54.37 55.40 55.77 54.45 48.93 38.92 41.47 48.47 50.48 50.15 45.31 44.54 46.65 49.85 48.37 49.17 51.15 51.31 41.28 39.98 43.91 48.92 47.07 43.10 41.65 42.20 44.56 42.45 43.74 42.53 43.25
-100.00 -100.00 -100.00 -100.00 -100.00 -100.00 -100.00 -100.00 -100.00 -100.00 -100.00 -100.00 -100.00 -100.00 -100.00 -100.00 -100.00 -100.00 -100.00 -100.00 -100.00 -100.00 -100.00 -100.00 -100.00 -100.00 -100.00 -100.00 -100.00 -100.00 -100.00 -100.00 -100.00 -100.00 -100.00 -100.00 -100.00 -100.00 -100.00 -100.00 -100.00 53.79 52.25 55.15 54.82 56.15 56.35 56.27 52.09 44.02 42.84 47.44 48.54 50.23 47.93 45.09 48.05 48.88 49.81 49.68 49.92 40.38 39.43 41.55 44.10 50.90 49.75 46.85 43.70 43.10 43.17 44.08 44.72 43.48 43.74 45.91
-100.00 -100.00 -100.00 -100.00 -100.00 -100.00 -100.00 -100.00 -100.00 -100.00 -100.00 -100.00 -100.00 -100.00 -100.00 -100.00 -100.00 -100.00 -100.00 -100.00 -100.00 -100.00 -100.00 -100.00 -100.00 -100.00 -100.00 -100.00 -100.00 -100.00 -100.00 -100.00 -100.00 -100.00 -100.00 -100.00 -100.00 -100.00 -100.00 -100.00 -100.00 -100.00 55.12 54.73 56.06 56.27 56.22 54.68 48.85 45.91 47.46 48.48 50.24 49.96 46.14 47.21 48.63 50.16 49.74 50.13 43.20 45.14 40.17 37.23 50.80 51.58 50.31 43.57 44.36 43.87 45.62 45.47 44.28 44.51 47.65 48.68
-100.00 -100.00 -100.00 -100.00 -100.00 -100.00 -100.00 -100.00 -100.00 -100.00 -100.00 -100.00 -100.00 -100.00 -100.00 -100.00 -100.00 -100.00 -100.00 -100.00 -100.00 -100.00 -100.00 -100.00 -100.00 -100.00 -100.00 -100.00 -100.00 -100.00 -100.00 -100.00 -100.00 -100.00 -100.00 -100.00 -100.00 -100.00 -100.00 -100.00 -100.00 -100.00 -100.00 56.02 56.12 56.15 55.26 49.73 46.85 46.99 37.04 50.72 50.23 49.87 47.73 49.30 50.03 50.53 50.12 45.12 37.29 44.84 42.33 38.14 53.14 48.75 49.33 45.39 44.50 45.45 46.31 45.14 44.29 46.57 46.55 49.74
-100.00 -100.00 -100.00 -100.00 -100.00 -100.00 -100.00 -100.00 -100.00 -100.00 -100.00 -100.00 -100.00 -100.00 -100.00 -100.00 -100.00 -100.00 -100.00 -100.00 -100.00 -100.00 -100.00 -100.00 -100.00 -100.00 -100.00 -100.00 -100.00 -100.00 -100.00 -100.00 -100.00 -100.00 -100.00 -100.00 -100.00 -100.00 -100.00 -100.00 -100.00 -100.00 -100.00 53.45 56.01 55.37 50.88 49.34 47.33 41.06 42.51 36.71 50.04 48.68 49.60 50.74 50.70 51.05 39.07 36.40 40.56 40.20 41.59 52.33 48.49 46.01 51.30 45.70 45.63 37.72 45.51 45.54 46.77 46.37 50.50 49.56
-100.00 -100.00 -100.00 -100.00 -100.00 -100.00 -100.00 -100.00 -100.00 -100.00 -100.00 -100.00 -100.00 -100.00 -100.00 -100.00 -100.00 -100.00 -100.00 -100.00 -100.00 -100.00 -100.00 -100.00 -100.00 -100.00 -100.00 -100.00 -100.00 -100.00 -100.00 -100.00 -100.00 -100.00 -100.00 -100.00 -100.00 -100.00 -100.00 -100.00 -100.00 -100.00 -100.00 -100.00 55.71 53.78 49.66 49.85 37.34 43.54 40.76 51.18 50.12 49.68 50.70 50.83 50.11 43.96 40.99 38.79 35.23 43.85 50.36 50.68 48.24 51.17 48.06 47.52 36.66 40.67 37.74 47.05 47.49 48.79 49.92 46.61
-100.00 -100.00 -100.00 -100.00 -100.00 -100.00 -100.00 -100.00 -100.00 -100.00 -100.00 -100.00 -100.00 -100.00 -100.00 -100.00 -100.00 -100.00 -100.00 -100.00 -100.00 -100.00 -100.00 -100.00 -100.00 -100.00 -100.00 -100.00 -100.00 -100.00 -100.00 -100.00 -100.00 -100.00 -100.00 -100.00 -100.00 -100.00 -100.00 -100.00 -100.00 -100.00 -100.00 -100.00 54.94 36.78 34.20 42.99 39.20 37.66 49.68 50.39 51.22 51.31 52.38 51.34 40.25 36.41 43.85 35.91 37.58 47.57 51.80 49.17 45.30 51.48 48.27 45.55 38.91 42.15 47.60 48.75 46.96 50.65 47.31 42.09
-100.00 -100.00 -100.00 -100.00 -100.00 -100.00 -100.00 -100.00 -100.00 -100.00 -100.00 -100.00 -100.00 -100.00 -100.00 -100.00 -100.00 -100.00 -100.00 -100.00 -100.00 -100.00 -100.00 -100.00 -100.00 -100.00 -100.00 -100.00 -100.00 -100.00 -100.00 -100.00 -100.00 -100.00 -100.00 -100.00 -100.00 -100.00 -100.00 -100.00 -100.00 -100.00 -100.00 -100.00 -100.00 40.29 36.90 43.25 38.98 40.62 50.56 50.67 51.58 52.31 51.90 43.36 40.23 39.20 42.10 41.35 49.04 52.40 48.88 46.46 38.97 36.45 49.28 44.82 41.32 42.65 47.71 48.00 50.69 49.38 45.60 45.05
