src/test/data/Beispiel_Rasterfile.asc
ncols         301
nrows         209
xllcorner     2626957.5
yllcorner     1238402.5
cellsize      5
NODATA_value  -100
[rows 170 to 203 of 209, columns 152 to 227 of 301]
42.56 42.72 42.64 42.90 42.54 42.27 42.07 42.91 41.36 41.90 41.26 41.51 40.69 40.67 40.30 40.61 40.99 41.08 41.19 41.44 40.67 41.35 40.93 42.12 41.57 41.34 42.35 41.60 42.57 42.97 43.22 42.93 42.69 42.73 42.55 42.45 43.31 42.87 43.27 42.77 43.16 43.39 42.76 43.35 43.22 43.03 43.26 43.25 43.20 43.08 43.14 43.11 43.00 43.43 43.62 44.13 44.03 43.91 44.15 44.27 44.15 44.83 44.64 45.16 45.78 45.65 46.27 46.73 45.98 45.15 44.70 44.12 43.55 43.66 43.80 43.83
42.54 42.39 42.62 42.88 42.43 42.42 41.17 41.86 42.37 41.44 41.45 41.03 40.35 40.51 40.53 40.34 40.31 40.75 41.04 41.05 41.05 41.01 40.98 41.90 41.85 41.53 41.58 42.14 41.61 42.78 43.30 42.29 42.71 42.70 42.40 42.55 42.97 42.78 42.81 42.99 43.16 43.03 43.18 42.62 43.47 43.07 42.94 43.35 43.38 43.07 43.31 43.21 43.21 43.48 43.48 43.85 44.30 44.08 43.90 44.20 44.37 44.22 44.81 44.68 45.17 45.76 45.65 46.25 46.27 45.28 44.50 44.22 43.55 43.18 43.33 43.19
42.39 42.53 42.19 42.52 42.42 42.13 41.12 40.98 42.12 41.51 42.07 40.92 40.86 40.69 40.45 40.33 40.19 40.59 40.79 41.07 41.28 40.80 40.83 41.06 42.02 41.27 41.12 42.02 41.93 42.07 42.00 43.43 42.27 42.88 42.93 42.64 42.12 43.32 42.44 42.51 42.70 42.98 43.13 43.01 43.12 43.46 43.11 43.11 43.40 43.40 43.27 43.26 43.35 43.17 43.75 43.81 43.95 44.10 44.11 43.84 44.21 44.41 44.36 44.76 44.94 45.01 45.40 45.93 46.12 45.02 44.60 43.95 43.70 42.95 -100.00 -100.00
42.02 42.05 41.99 42.19 42.41 41.97 41.33 41.10 41.74 41.44 41.90 41.29 40.61 40.44 40.10 40.03 39.93 40.55 40.43 40.89 40.90 40.88 41.15 40.97 41.44 41.73 41.35 40.93 42.51 41.99 42.07 42.69 42.98 42.41 43.12 42.45 42.49 42.41 42.97 42.76 43.06 42.91 43.51 43.40 43.05 43.32 43.65 43.02 43.28 43.50 43.60 43.55 43.46 43.27 43.48 43.65 44.00 44.03 44.03 44.28 43.86 44.16 44.55 44.20 44.58 44.76 45.01 45.35 45.89 44.88 44.35 44.13 43.47 -100.00 -100.00 -100.00
41.62 41.75 41.47 42.12 41.73 41.56 41.17 41.10 41.64 42.46 41.51 41.51 40.59 40.44 40.14 40.02 39.88 39.70 40.55 40.54 40.94 41.28 40.57 41.23 40.91 41.89 41.36 40.81 41.62 41.73 42.01 42.21 42.93 42.64 42.63 42.98 42.38 42.48 42.66 42.87 43.13 43.15 43.20 43.58 43.26 42.87 43.41 43.44 42.99 43.79 43.54 43.43 43.65 43.45 43.50 43.62 43.67 44.02 44.20 44.01 44.01 43.90 44.04 44.45 44.21 44.38 44.52 44.99 45.45 45.01 44.65 43.83 -100.00 -100.00 -100.00 -100.00
41.14 41.08 41.18 41.72 41.74 41.50 41.07 41.29 41.10 41.88 40.94 41.56 40.80 40.50 40.17 39.92 40.43 40.22 40.36 40.32 40.82 40.96 40.86 41.09 40.92 41.07 41.57 41.38 41.17 42.02 41.82 41.98 42.29 42.87 42.68 42.78 42.84 42.61 42.60 42.93 42.42 43.21 43.17 43.53 43.38 43.44 43.35 43.68 43.28 43.22 43.85 43.38 43.47 43.49 43.46 43.57 43.85 43.83 44.06 44.12 44.00 43.89 44.11 43.99 44.05 44.18 44.18 44.83 44.89 44.80 44.51 -100.00 -100.00 -100.00 -100.00 -100.00
41.16 40.84 41.04 41.40 41.43 41.69 41.20 41.36 40.76 41.28 41.85 41.28 41.00 40.45 40.23 39.89 39.65 40.18 39.74 40.47 40.56 40.89 41.28 40.84 41.22 41.15 41.29 41.49 40.98 41.25 41.91 41.35 42.39 42.75 42.51 42.25 42.95 42.80 42.52 42.61 42.79 42.69 43.11 43.16 43.81 43.66 43.64 43.80 43.61 43.23 43.62 43.62 43.73 43.50 43.30 43.64 43.52 44.02 43.66 43.75 44.11 44.03 43.63 43.91 43.84 43.91 44.10 44.13 44.65 44.81 -100.00 -100.00 -100.00 -100.00 -100.00 -100.00
40.93 40.52 41.15 41.37 41.20 41.50 41.67 41.41 40.91 41.24 42.00 40.72 41.28 40.23 40.19 39.75 39.82 40.12 40.03 40.43 40.21 40.80 40.90 40.80 40.98 40.73 40.95 41.45 41.21 41.06 41.67 41.69 41.70 41.59 42.55 42.46 42.45 42.52 42.64 42.51 42.84 43.00 43.29 43.49 43.42 44.09 43.81 43.27 43.42 43.26 43.10 43.28 43.25 43.55 43.45 43.30 43.58 43.55 43.90 43.61 43.72 44.11 43.69 43.45 43.85 43.69 43.73 43.85 43.91 -100.00 -100.00 -100.00 -100.00 -100.00 -100.00 -100.00
41.07 40.69 41.05 41.10 41.51 41.15 41.76 41.33 41.24 40.84 41.61 41.35 40.99 40.87 40.13 40.15 39.92 39.69 40.07 39.98 40.48 40.36 40.92 41.13 40.57 41.00 41.04 41.38 41.31 40.97 41.03 41.76 41.46 41.79 42.32 42.85 42.51 42.76 42.87 42.75 42.50 42.97 42.54 43.48 43.49 43.77 43.73 43.55 43.20 43.33 43.10 42.93 43.32 43.23 43.60 43.37 43.25 43.55 43.47 43.60 43.80 43.60 43.83 43.66 43.27 43.65 43.47 43.24 -100.00 -100.00 -100.00 -100.00 -100.00 -100.00 -100.00 -100.00
40.91 40.77 40.89 41.14 41.23 40.94 41.86 41.39 41.18 40.83 41.11 41.60 40.77 40.89 40.56 40.15 40.16 40.10 40.16 39.81 40.40 40.22 40.74 40.64 40.61 40.75 40.81 40.89 41.58 41.00 40.70 41.40 41.55 41.28 42.02 42.57 42.26 42.74 42.91 42.79 42.81 42.83 42.72 43.10 43.33 43.39 43.71 43.59 43.13 43.35 43.08 42.75 42.63 43.35 43.05 43.42 43.32 43.10 43.45 43.65 43.42 43.73 43.47 43.35 43.40 42.98 -100.00 -100.00 -100.00 -100.00 -100.00 -100.00 -100.00 -100.00 -100.00 -100.00
41.21 40.85 40.82 40.97 41.26 41.38 41.51 41.65 41.33 40.95 40.90 41.64 40.96 40.97 40.42 40.16 40.01 40.08 39.60 39.85 39.91 40.52 40.30 40.78 40.54 40.48 40.54 40.66 41.06 41.11 40.77 40.78 41.87 41.28 41.25 41.91 42.73 42.11 42.91 42.62 42.60 42.74 43.04 42.99 43.33 43.52 43.48 43.55 43.33 42.82 43.06 42.99 42.68 42.71 43.26 43.28 43.27 43.31 43.21 43.27 43.55 43.18 43.50 43.28 42.98 -100.00 -100.00 -100.00 -100.00 -100.00 -100.00 -100.00 -100.00 -100.00 -100.00 -100.00
41.19 41.14 40.63 40.79 41.01 41.47 41.14 41.52 41.13 40.91 40.49 41.09 41.55 40.96 40.79 40.42 40.24 40.34 39.78 39.60 39.72 40.26 40.11 40.62 40.49 40.51 40.65 40.60 40.59 41.44 40.74 40.63 41.05 41.36 41.15 41.89 42.53 42.87 42.39 43.12 42.88 42.54 42.95 42.84 42.56 43.18 43.43 43.47 43.25 43.07 42.85 42.65 42.94 42.63 42.54 42.78 43.40 43.08 43.03 43.25 43.31 43.41 43.00 43.18 -100.00 -100.00 -100.00 -100.00 -100.00 -100.00 -100.00 -100.00 -100.00 -100.00 -100.00 -100.00
41.58 41.24 40.91 40.86 41.01 41.16 41.23 41.71 41.35 41.22 40.79 40.98 41.75 40.79 41.00 40.58 40.17 40.06 39.87 39.52 39.99 39.91 40.23 40.17 40.41 40.35 40.46 40.75 40.73 40.79 41.21 40.78 40.68 41.62 41.51 41.56 41.52 42.79 42.63 42.76 43.15 43.00 42.88 42.62 42.51 43.44 42.90 43.28 43.47 43.19 42.62 42.54 42.95 42.59 42.31 42.82 42.83 43.20 43.00 42.80 43.17 42.87 43.00 -100.00 -100.00 -100.00 -100.00 -100.00 -100.00 -100.00 -100.00 -100.00 -100.00 -100.00 -100.00 -100.00
41.47 41.21 41.28 40.72 40.95 41.33 41.24 41.23 41.59 41.09 40.99 40.70 41.46 41.24 41.08 41.08 40.44 40.26 40.24 39.74 39.57 39.60 40.08 40.11 40.51 40.15 40.46 40.35 40.40 40.44 40.89 41.05 40.77 41.25 41.57 41.18 41.47 42.45 42.93 42.96 42.86 43.18 42.88 42.76 42.67 42.75 43.03 43.32 43.14 43.27 43.06 42.35 42.76 42.72 42.36 42.16 42.75 42.60 43.05 42.85 42.63 42.92 -100.00 -100.00 -100.00 -100.00 -100.00 -100.00 -100.00 -100.00 -100.00 -100.00 -100.00 -100.00 -100.00 -100.00
41.34 40.94 41.05 40.57 40.70 41.03 41.33 41.17 41.62 41.22 40.88 40.83 41.03 41.65 40.50 40.98 40.36 40.14 40.19 39.48 39.45 39.53 39.87 40.16 40.18 40.31 40.08 40.63 40.53 40.55 40.69 41.28 40.91 40.91 41.50 41.47 41.52 41.94 42.44 42.95 42.47 43.07 42.95 42.39 42.67 42.83 42.60 42.86 42.92 43.24 43.14 43.13 42.00 42.68 42.39 42.36 42.52 42.75 42.52 42.70 42.56 -100.00 -100.00 -100.00 -100.00 -100.00 -100.00 -100.00 -100.00 -100.00 -100.00 -100.00 -100.00 -100.00 -100.00 -100.00
40.90 40.71 40.72 40.57 40.77 40.54 41.18 41.27 41.66 41.39 41.06 41.04 40.86 41.25 40.66 41.00 40.73 40.20 39.99 39.99 39.64 39.60 39.50 40.26 40.11 40.43 39.99 40.45 40.31 40.42 40.47 40.63 41.01 40.90 41.12 41.83 41.51 41.52 41.62 42.44 43.22 43.04 43.15 42.47 42.46 42.09 42.44 43.12 42.39 42.77 42.89 42.69 42.66 42.04 42.26 42.34 42.25 42.47 42.62 43.00 -100.00 -100.00 -100.00 -100.00 -100.00 -100.00 -100.00 -100.00 -100.00 -100.00 -100.00 -100.00 -100.00 -100.00 -100.00 -100.00
41.06 40.90 41.02 40.63 40.51 40.90 41.17 41.53 41.12 41.55 40.87 40.89 40.40 40.76 40.60 40.62 40.55 40.29 40.11 39.96 39.42 39.53 39.53 40.00 40.17 40.07 40.05 40.04 40.43 40.77 40.64 40.37 41.26 40.86 40.75 41.53 41.54 41.62 41.69 42.50 42.99 43.15 42.94 43.18 42.72 42.46 42.59 42.44 42.82 42.95 42.91 43.09 42.63 42.32 42.04 42.16 41.93 42.06 42.60 -100.00 -100.00 -100.00 -100.00 -100.00 -100.00 -100.00 -100.00 -100.00 -100.00 -100.00 -100.00 -100.00 -100.00 -100.00 -100.00 -100.00
40.86 41.05 40.83 40.70 40.28 40.44 40.76 41.10 41.04 41.32 40.97 41.01 41.03 40.77 40.61 40.37 40.93 40.32 40.21 39.89 39.91 39.66 39.67 39.53 40.34 39.91 40.20 39.99 40.57 40.37 40.61 40.73 40.73 41.24 40.95 41.39 41.82 41.63 41.71 41.62 42.79 42.36 42.78 43.19 42.64 42.07 42.35 42.06 42.39 42.46 42.85 42.94 42.74 42.83 42.14 41.99 41.94 -100.00 -100.00 -100.00 -100.00 -100.00 -100.00 -100.00 -100.00 -100.00 -100.00 -100.00 -100.00 -100.00 -100.00 -100.00 -100.00 -100.00 -100.00 -100.00
41.00 40.69 40.89 40.97 40.56 40.51 40.45 40.72 40.89 41.19 41.00 40.70 40.66 40.99 40.59 40.61 40.69 40.58 40.16 40.17 39.99 39.53 39.63 39.31 40.00 40.03 40.02 40.01 40.06 40.57 40.57 40.70 40.67 41.12 41.21 40.91 41.49 41.84 41.38 41.52 41.96 42.60 42.89 42.79 42.83 42.67 42.23 41.97 42.29 42.57 42.77 42.67 42.82 42.38 42.44 41.73 -100.00 -100.00 -100.00 -100.00 -100.00 -100.00 -100.00 -100.00 -100.00 -100.00 -100.00 -100.00 -100.00 -100.00 -100.00 -100.00 -100.00 -100.00 -100.00 -100.00
41.06 41.04 41.05 41.32 40.75 40.50 40.61 40.62 41.02 40.50 41.02 40.63 40.45 40.99 40.40 40.64 40.25 40.61 40.35 40.19 39.75 39.89 39.48 39.35 39.38 40.38 40.13 40.15 40.21 40.65 40.28 40.73 40.83 41.00 41.11 41.06 41.21 41.50 41.54 41.70 41.72 42.39 42.81 42.63 42.83 42.94 42.48 42.10 42.47 42.49 42.56 42.55 42.53 42.79 42.11 -100.00 -100.00 -100.00 -100.00 -100.00 -100.00 -100.00 -100.00 -100.00 -100.00 -100.00 -100.00 -100.00 -100.00 -100.00 -100.00 -100.00 -100.00 -100.00 -100.00 -100.00
41.07 41.25 41.06 41.25 40.91 40.30 40.24 40.43 40.76 40.39 41.11 40.68 40.40 40.52 40.43 40.61 40.17 40.71 40.73 40.22 40.04 39.86 39.46 39.52 39.28 39.98 39.96 40.12 40.18 40.21 40.35 40.56 40.55 40.57 41.01 41.19 41.11 41.25 41.90 41.62 41.55 41.46 42.58 42.57 42.69 42.89 42.41 42.19 42.12 41.89 42.52 42.45 42.81 42.60 -100.00 -100.00 -100.00 -100.00 -100.00 -100.00 -100.00 -100.00 -100.00 -100.00 -100.00 -100.00 -100.00 -100.00 -100.00 -100.00 -100.00 -100.00 -100.00 -100.00 -100.00 -100.00
41.21 41.18 40.93 40.94 41.08 40.53 40.47 40.26 40.57 40.72 40.43 40.68 40.34 40.25 40.28 40.30 40.17 40.16 40.63 40.16 40.02 39.66 39.67 39.62 39.38 39.58 40.36 39.90 40.02 40.11 40.36 40.07 40.45 40.62 40.98 41.09 41.04 41.16 41.43 41.63 41.63 41.71 41.97 43.01 42.65 42.61 42.54 41.93 41.93 41.72 42.46 42.45 42.42 -100.00 -100.00 -100.00 -100.00 -100.00 -100.00 -100.00 -100.00 -100.00 -100.00 -100.00 -100.00 -100.00 -100.00 -100.00 -100.00 -100.00 -100.00 -100.00 -100.00 -100.00 -100.00 -100.00
41.13 40.90 41.05 41.10 41.08 40.67 40.28 40.47 40.35 40.76 40.23 40.58 40.23 40.17 40.69 40.32 40.22 39.94 40.37 40.48 40.12 39.97 40.02 39.56 39.62 39.28 39.89 39.91 39.99 40.15 39.98 40.00 40.35 40.56 40.69 40.96 40.94 40.80 41.15 41.77 41.55 41.73 41.69 42.51 42.75 42.50 42.70 42.67 41.93 41.99 42.06 42.20 -100.00 -100.00 -100.00 -100.00 -100.00 -100.00 -100.00 -100.00 -100.00 -100.00 -100.00 -100.00 -100.00 -100.00 -100.00 -100.00 -100.00 -100.00 -100.00 -100.00 -100.00 -100.00 -100.00 -100.00
40.90 41.05 41.35 41.04 41.04 40.58 40.23 40.02 40.30 40.43 40.34 40.65 40.50 40.22 40.62 41.03 40.07 40.66 40.33 40.42 40.23 40.08 40.22 39.77 39.82 39.45 39.53 40.21 39.70 39.86 39.97 40.28 39.98 40.42 40.77 40.90 40.96 40.95 40.82 41.15 41.74 41.33 41.47 41.71 42.31 42.67 42.49 42.75 42.32 41.59 42.01 -100.00 -100.00 -100.00 -100.00 -100.00 -100.00 -100.00 -100.00 -100.00 -100.00 -100.00 -100.00 -100.00 -100.00 -100.00 -100.00 -100.00 -100.00 -100.00 -100.00 -100.00 -100.00 -100.00 -100.00 -100.00
40.96 41.04 40.98 40.97 40.69 40.56 40.22 40.12 40.08 40.36 40.50 40.19 40.47 40.02 39.91 40.47 40.24 40.63 40.14 40.76 40.43 40.22 40.10 40.04 39.76 39.67 39.33 39.83 39.73 39.88 40.05 40.00 40.18 40.21 40.37 40.71 40.94 40.82 40.78 41.20 41.60 41.37 41.53 41.38 42.10 42.62 42.53 42.35 42.60 -100.00 -100.00 -100.00 -100.00 -100.00 -100.00 -100.00 -100.00 -100.00 -100.00 -100.00 -100.00 -100.00 -100.00 -100.00 -100.00 -100.00 -100.00 -100.00 -100.00 -100.00 -100.00 -100.00 -100.00 -100.00 -100.00 -100.00
40.93 41.06 41.09 40.80 40.80 40.78 40.39 40.01 40.16 40.19 40.45 40.21 40.33 40.14 39.98 40.04 40.08 40.24 40.21 40.75 40.39 40.40 40.13 40.32 39.69 39.98 39.48 39.62 40.06 39.70 39.81 39.95 40.14 40.03 40.38 40.92 40.75 40.95 40.68 40.84 41.13 41.59 41.31 41.23 41.67 42.32 42.23 42.32 -100.00 -100.00 -100.00 -100.00 -100.00 -100.00 -100.00 -100.00 -100.00 -100.00 -100.00 -100.00 -100.00 -100.00 -100.00 -100.00 -100.00 -100.00 -100.00 -100.00 -100.00 -100.00 -100.00 -100.00 -100.00 -100.00 -100.00 -100.00
40.35 40.66 40.92 41.06 40.69 40.77 40.27 40.02 39.85 40.10 40.18 40.32 40.27 40.23 40.14 40.02 39.88 40.33 40.55 40.43 40.76 40.47 40.43 40.19 40.02 39.76 39.63 39.45 39.90 39.53 39.71 39.91 40.06 39.96 39.95 40.17 40.59 40.71 40.78 40.58 40.95 41.40 41.28 41.60 41.18 41.90 42.21 -100.00 -100.00 -100.00 -100.00 -100.00 -100.00 -100.00 -100.00 -100.00 -100.00 -100.00 -100.00 -100.00 -100.00 -100.00 -100.00 -100.00 -100.00 -100.00 -100.00 -100.00 -100.00 -100.00 -100.00 -100.00 -100.00 -100.00 -100.00 -100.00
40.33 40.53 40.84 40.71 40.63 40.36 40.25 39.97 39.92 39.93 40.33 40.43 40.25 40.51 40.34 40.29 40.40 40.32 40.45 40.25 40.85 40.66 40.69 40.26 40.32 39.71 39.95 39.61 39.65 39.96 39.77 39.73 39.56 40.01 39.88 40.41 40.43 40.40 -100.00 -100.00 -100.00 -100.00 -100.00 -100.00 -100.00 -100.00 -100.00 -100.00 -100.00 -100.00 -100.00 -100.00 -100.00 -100.00 -100.00 -100.00 -100.00 -100.00 -100.00 -100.00 -100.00 -100.00 -100.00 -100.00 -100.00 -100.00 -100.00 -100.00 -100.00 -100.00 -100.00 -100.00 -100.00 -100.00 -100.00 -100.00
40.30 40.28 40.77 40.72 40.42 40.50 40.36 40.11 39.83 40.09 40.25 40.45 40.40 40.73 40.49 40.31 40.26 40.77 40.32 40.38 40.55 40.71 40.40 40.36 40.15 -100.00 -100.00 -100.00 -100.00 -100.00 -100.00 -100.00 -100.00 -100.00 -100.00 -100.00 -100.00 -100.00 -100.00 -100.00 -100.00 -100.00 -100.00 -100.00 -100.00 -100.00 -100.00 -100.00 -100.00 -100.00 -100.00 -100.00 -100.00 -100.00 -100.00 -100.00 -100.00 -100.00 -100.00 -100.00 -100.00 -100.00 -100.00 -100.00 -100.00 -100.00 -100.00 -100.00 -100.00 -100.00 -100.00 -100.00 -100.00 -100.00 -100.00 -100.00
40.10 39.99 40.32 40.39 40.55 40.43 40.30 40.06 39.96 39.95 40.38 40.67 40.67 -100.00 -100.00 -100.00 -100.00 -100.00 -100.00 -100.00 -100.00 -100.00 -100.00 -100.00 -100.00 -100.00 -100.00 -100.00 -100.00 -100.00 -100.00 -100.00 -100.00 -100.00 -100.00 -100.00 -100.00 -100.00 -100.00 -100.00 -100.00 -100.00 -100.00 -100.00 -100.00 -100.00 -100.00 -100.00 -100.00 -100.00 -100.00 -100.00 -100.00 -100.00 -100.00 -100.00 -100.00 -100.00 -100.00 -100.00 -100.00 -100.00 -100.00 -100.00 -100.00 -100.00 -100.00 -100.00 -100.00 -100.00 -100.00 -100.00 -100.00 -100.00 -100.00 -100.00
-100.00 -100.00 -100.00 -100.00 -100.00 -100.00 -100.00 -100.00 -100.00 -100.00 -100.00 -100.00 -100.00 -100.00 -100.00 -100.00 -100.00 -100.00 -100.00 -100.00 -100.00 -100.00 -100.00 -100.00 -100.00 -100.00 -100.00 -100.00 -100.00 -100.00 -100.00 -100.00 -100.00 -100.00 -100.00 -100.00 -100.00 -100.00 -100.00 -100.00 -100.00 -100.00 -100.00 -100.00 -100.00 -100.00 -100.00 -100.00 -100.00 -100.00 -100.00 -100.00 -100.00 -100.00 -100.00 -100.00 -100.00 -100.00 -100.00 -100.00 -100.00 -100.00 -100.00 -100.00 -100.00 -100.00 -100.00 -100.00 -100.00 -100.00 -100.00 -100.00 -100.00 -100.00 -100.00 -100.00
-100.00 -100.00 -100.00 -100.00 -100.00 -100.00 -100.00 -100.00 -100.00 -100.00 -100.00 -100.00 -100.00 -100.00 -100.00 -100.00 -100.00 -100.00 -100.00 -100.00 -100.00 -100.00 -100.00 -100.00 -100.00 -100.00 -100.00 -100.00 -100.00 -100.00 -100.00 -100.00 -100.00 -100.00 -100.00 -100.00 -100.00 -100.00 -100.00 -100.00 -100.00 -100.00 -100.00 -100.00 -100.00 -100.00 -100.00 -100.00 -100.00 -100.00 -100.00 -100.00 -100.00 -100.00 -100.00 -100.00 -100.00 -100.00 -100.00 -100.00 -100.00 -100.00 -100.00 -100.00 -100.00 -100.00 -100.00 -100.00 -100.00 -100.00 -100.00 -100.00 -100.00 -100.00 -100.00 -100.00
-100.00 -100.00 -100.00 -100.00 -100.00 -100.00 -100.00 -100.00 -100.00 -100.00 -100.00 -100.00 -100.00 -100.00 -100.00 -100.00 -100.00 -100.00 -100.00 -100.00 -100.00 -100.00 -100.00 -100.00 -100.00 -100.00 -100.00 -100.00 -100.00 -100.00 -100.00 -100.00 -100.00 -100.00 -100.00 -100.00 -100.00 -100.00 -100.00 -100.00 -100.00 -100.00 -100.00 -100.00 -100.00 -100.00 -100.00 -100.00 -100.00 -100.00 -100.00 -100.00 -100.00 -100.00 -100.00 -100.00 -100.00 -100.00 -100.00 -100.00 -100.00 -100.00 -100.00 -100.00 -100.00 -100.00 -100.00 -100.00 -100.00 -100.00 -100.00 -100.00 -100.00 -100.00 -100.00 -100.00
-100.00 -100.00 -100.00 -100.00 -100.00 -100.00 -100.00 -100.00 -100.00 -100.00 -100.00 -100.00 -100.00 -100.00 -100.00 -100.00 -100.00 -100.00 -100.00 -100.00 -100.00 -100.00 -100.00 -100.00 -100.00 -100.00 -100.00 -100.00 -100.00 -100.00 -100.00 -100.00 -100.00 -100.00 -100.00 -100.00 -100.00 -100.00 -100.00 -100.00 -100.00 -100.00 -100.00 -100.00 -100.00 -100.00 -100.00 -100.00 -100.00 -100.00 -100.00 -100.00 -100.00 -100.00 -100.00 -100.00 -100.00 -100.00 -100.00 -100.00 -100.00 -100.00 -100.00 -100.00 -100.00 -100.00 -100.00 -100.00 -100.00 -100.00 -100.00 -100.00 -100.00 -100.00 -100.00 -100.00
