src/test/data/Beispiel_Rasterfile.asc
ncols         301
nrows         209
xllcorner     2626957.5
yllcorner     1238402.5
cellsize      5
NODATA_value  -100
[rows 0 to 33 of 209, columns 152 to 227 of 301]
-100.00 -100.00 -100.00 -100.00 -100.00 -100.00 -100.00 -100.00 -100.00 -100.00 -100.00 -100.00 -100.00 -100.00 -100.00 -100.00 -100.00 -100.00 -100.00 -100.00 -100.00 -100.00 -100.00 -100.00 -100.00 -100.00 -100.00 -100.00 -100.00 -100.00 -100.00 -100.00 -100.00 -100.00 -100.00 -100.00 -100.00 -100.00 -100.00 -100.00 -100.00 -100.00 -100.00 -100.00 36.78 37.88 37.33 37.04 36.92 36.85 -100.00 -100.00 -100.00 -100.00 -100.00 -100.00 -100.00 -100.00 -100.00 -100.00 -100.00 -100.00 -100.00 -100.00 -100.00 -100.00 -100.00 -100.00 -100.00 -100.00 -100.00 -100.00 -100.00 -100.00 -100.00 -100.00
-100.00 -100.00 -100.00 -100.00 -100.00 -100.00 -100.00 -100.00 -100.00 -100.00 -100.00 -100.00 -100.00 -100.00 -100.00 -100.00 -100.00 -100.00 -100.00 -100.00 -100.00 -100.00 -100.00 -100.00 -100.00 -100.00 -100.00 -100.00 -100.00 -100.00 -100.00 -100.00 -100.00 -100.00 -100.00 -100.00 -100.00 -100.00 -100.00 -100.00 -100.00 37.09 37.43 36.01 37.31 37.82 38.06 37.30 36.95 36.83 36.52 36.66 36.44 36.58 36.71 36.80 -100.00 -100.00 -100.00 -100.00 -100.00 -100.00 -100.00 -100.00 -100.00 -100.00 -100.00 -100.00 -100.00 -100.00 -100.00 -100.00 -100.00 -100.00 -100.00 -100.00
-100.00 -100.00 -100.00 -100.00 -100.00 -100.00 -100.00 -100.00 -100.00 -100.00 -100.00 -100.00 -100.00 -100.00 -100.00 -100.00 -100.00 -100.00 -100.00 -100.00 -100.00 -100.00 -100.00 -100.00 -100.00 -100.00 -100.00 -100.00 -100.00 -100.00 -100.00 -100.00 -100.00 -100.00 -100.00 -100.00 -100.00 -100.00 36.86 37.29 37.50 37.41 37.52 37.91 38.37 38.12 37.43 37.31 37.11 36.90 36.73 36.91 36.97 37.13 37.28 37.08 37.33 37.05 37.19 37.48 37.38 37.59 37.64 -100.00 -100.00 -100.00 -100.00 -100.00 -100.00 -100.00 -100.00 -100.00 -100.00 -100.00 -100.00 -100.00
-100.00 -100.00 -100.00 -100.00 -100.00 -100.00 -100.00 -100.00 -100.00 -100.00 -100.00 -100.00 -100.00 -100.00 -100.00 -100.00 -100.00 -100.00 -100.00 -100.00 -100.00 -100.00 -100.00 -100.00 -100.00 -100.00 -100.00 -100.00 -100.00 -100.00 -100.00 -100.00 -100.00 -100.00 -100.00 36.60 36.96 37.60 37.77 38.30 37.08 37.71 40.19 38.36 38.18 37.54 37.52 37.59 37.27 37.12 37.18 37.19 37.26 37.45 37.62 37.27 37.34 37.76 37.56 37.85 37.94 38.07 38.13 38.38 38.78 38.46 39.29 39.11 39.05 -100.00 -100.00 -100.00 -100.00 -100.00 -100.00 -100.00
-100.00 -100.00 -100.00 -100.00 -100.00 -100.00 -100.00 -100.00 -100.00 -100.00 -100.00 -100.00 -100.00 -100.00 -100.00 -100.00 -100.00 -100.00 -100.00 -100.00 -100.00 -100.00 -100.00 -100.00 -100.00 -100.00 -100.00 -100.00 -100.00 -100.00 -100.00 36.75 37.25 37.06 37.06 37.39 37.32 37.61 37.82 38.08 39.04 39.15 38.35 38.06 37.93 37.81 37.51 37.66 37.69 37.34 37.72 37.67 37.88 37.63 37.64 37.92 37.80 38.11 38.13 38.34 38.37 38.46 38.92 38.68 39.51 39.29 39.16 39.07 40.08 39.96 40.20 39.74 39.48 39.73 40.14 -100.00
-100.00 -100.00 -100.00 -100.00 -100.00 -100.00 -100.00 -100.00 -100.00 -100.00 -100.00 -100.00 -100.00 -100.00 -100.00 -100.00 -100.00 -100.00 -100.00 -100.00 -100.00 -100.00 -100.00 -100.00 -100.00 -100.00 -100.00 -100.00 36.63 36.70 37.16 37.76 37.78 38.19 37.74 37.65 37.95 37.91 38.49 39.89 38.73 38.55 38.35 38.53 38.45 37.96 37.82 37.91 37.87 37.61 38.02 38.06 37.88 38.11 38.20 38.32 38.34 38.53 38.62 38.81 39.16 38.98 39.63 39.17 39.61 39.45 40.03 40.20 40.76 40.00 39.67 39.75 40.14 40.22 40.18 40.22
-100.00 -100.00 -100.00 -100.00 -100.00 -100.00 -100.00 -100.00 -100.00 -100.00 -100.00 -100.00 -100.00 -100.00 -100.00 -100.00 -100.00 -100.00 -100.00 -100.00 -100.00 -100.00 -100.00 -100.00 -100.00 36.89 37.77 37.62 36.86 37.28 38.55 37.89 37.98 38.00 37.95 38.55 38.43 39.53 39.50 38.72 38.61 38.62 38.11 38.31 38.81 38.50 38.30 38.25 38.23 38.35 38.14 38.23 38.47 38.52 38.72 38.82 38.84 38.89 39.21 39.21 39.40 39.38 39.80 39.65 39.93 40.13 40.76 39.97 39.61 39.93 40.45 40.27 40.52 40.13 40.20 39.75
-100.00 -100.00 -100.00 -100.00 -100.00 -100.00 -100.00 -100.00 -100.00 -100.00 -100.00 -100.00 -100.00 -100.00 -100.00 -100.00 -100.00 -100.00 -100.00 -100.00 -100.00 38.22 37.73 36.97 37.09 37.09 37.41 36.80 38.20 37.36 37.51 38.19 38.41 38.65 38.85 39.30 38.78 39.00 38.66 38.85 38.69 38.77 38.60 38.42 38.61 38.71 38.54 38.74 38.54 38.63 38.73 38.68 38.95 39.13 39.38 39.29 39.43 39.61 39.55 39.67 39.80 39.85 40.00 40.54 40.55 40.27 39.71 39.95 40.23 40.37 40.59 40.20 40.32 40.01 40.15 41.37
-100.00 -100.00 -100.00 -100.00 -100.00 -100.00 -100.00 -100.00 -100.00 -100.00 -100.00 -100.00 -100.00 -100.00 -100.00 -100.00 -100.00 -100.00 38.97 38.93 39.20 38.17 37.52 37.02 37.10 37.37 38.25 38.77 38.46 38.99 38.69 38.79 38.95 39.01 39.36 39.07 39.09 39.11 38.97 38.70 38.99 38.73 39.06 39.16 38.75 39.19 39.27 39.08 39.12 38.90 39.19 39.20 39.52 39.56 39.81 39.86 39.91 40.02 40.24 40.04 40.17 40.48 40.81 40.60 39.91 40.02 40.38 39.80 40.51 40.38 40.56 40.34 40.31 41.53 41.45 41.96
-100.00 -100.00 -100.00 -100.00 -100.00 -100.00 -100.00 -100.00 -100.00 -100.00 -100.00 -100.00 -100.00 -100.00 -100.00 39.57 39.00 39.33 39.16 38.66 37.95 38.08 37.68 38.10 37.97 38.83 38.82 38.78 39.19 38.99 38.95 39.16 39.25 39.21 39.36 39.36 39.15 39.19 39.65 39.17 39.03 39.31 39.22 39.39 39.65 39.47 39.63 39.43 39.50 39.73 39.81 39.86 39.96 40.03 40.30 40.30 40.58 40.36 40.40 40.58 41.06 40.90 40.05 40.56 40.01 40.20 40.59 40.40 40.14 40.65 40.52 41.09 42.45 42.10 41.13 41.02
-100.00 -100.00 -100.00 -100.00 -100.00 -100.00 -100.00 -100.00 -100.00 -100.00 -100.00 37.07 39.18 39.05 39.63 39.28 39.71 39.05 39.28 39.19 38.53 37.87 38.83 38.38 39.10 39.04 39.18 39.13 39.08 39.13 39.43 39.31 39.43 39.46 39.43 39.52 39.56 39.73 39.30 39.57 39.45 39.58 40.07 39.95 40.03 40.07 40.02 40.19 40.25 40.16 40.31 40.43 40.37 40.40 40.90 40.88 40.83 40.93 41.01 41.26 40.46 41.00 40.27 40.40 40.63 40.31 40.11 41.37 41.19 41.34 42.78 41.89 41.38 41.38 41.99 41.91
-100.00 -100.00 -100.00 -100.00 -100.00 -100.00 -100.00 -100.00 34.83 36.00 37.51 39.70 39.29 39.99 39.48 40.61 39.77 39.75 38.43 38.77 38.41 38.45 38.77 38.82 39.04 39.58 39.21 39.19 39.35 39.45 39.47 39.66 39.84 39.84 39.83 40.51 39.82 39.63 39.98 39.77 40.29 40.49 40.43 40.55 40.45 40.63 40.83 40.81 40.80 40.78 40.67 40.83 41.15 41.15 41.13 41.23 41.20 41.58 40.77 41.38 40.73 40.72 40.42 40.36 40.43 41.24 42.10 41.34 42.93 41.77 41.35 41.71 42.06 41.27 42.39 41.96
-100.00 -100.00 -100.00 -100.00 -100.00 37.30 37.50 34.90 36.50 37.71 39.93 39.58 40.41 40.31 40.64 39.79 39.81 38.10 38.59 39.26 38.79 39.29 39.29 39.34 39.66 39.33 39.44 39.57 39.71 39.75 39.90 40.01 40.13 41.37 40.43 39.99 40.36 40.09 40.38 40.69 40.67 40.73 40.82 40.93 41.15 41.23 41.25 41.43 41.27 41.33 41.53 41.41 41.36 41.38 41.40 41.94 41.17 42.11 41.05 41.08 40.82 40.87 40.70 41.70 42.03 42.03 43.03 41.46 41.45 42.25 42.42 41.77 42.64 42.24 41.65 41.78
-100.00 -100.00 37.67 38.42 37.76 37.67 35.19 36.57 37.56 40.02 40.21 40.42 40.46 40.27 40.19 40.02 38.31 38.96 39.85 39.01 39.48 39.33 40.40 39.47 39.63 39.70 39.94 40.06 41.08 40.43 40.30 40.48 40.67 40.43 40.35 40.81 40.64 40.99 41.07 41.15 41.13 41.22 41.60 41.70 41.80 41.78 41.76 41.86 42.04 41.93 41.81 45.53 41.69 42.22 41.43 41.42 41.36 41.49 41.27 41.31 41.11 42.25 42.31 44.28 42.65 42.01 42.02 42.72 42.18 41.98 43.15 42.90 42.32 42.20 42.60 42.57
38.08 38.25 39.22 38.18 38.30 35.34 36.82 38.70 40.06 40.33 40.52 40.63 40.40 40.39 40.11 39.23 39.23 40.03 39.43 40.16 39.48 39.92 39.43 39.93 40.06 40.25 40.29 40.54 40.65 40.74 41.98 40.80 40.71 41.09 40.91 41.19 41.59 41.53 41.58 41.59 41.72 42.12 42.10 42.30 42.21 42.24 42.52 42.48 42.28 45.95 45.77 45.90 41.77 41.68 41.71 41.64 41.71 41.83 42.11 42.60 42.56 44.61 42.40 41.86 42.40 42.50 42.45 42.67 43.28 42.20 42.47 42.22 42.88 43.13 42.52 41.67
39.27 39.56 38.77 37.94 35.84 37.66 38.87 40.16 40.52 40.64 40.89 40.47 40.41 39.96 39.63 40.05 39.51 40.16 39.78 39.96 40.14 40.29 40.32 40.48 40.53 40.65 40.82 40.94 41.65 41.36 41.13 40.93 41.13 41.71 42.03 41.91 41.96 42.05 42.11 42.38 42.40 42.49 42.82 42.81 43.02 42.92 42.93 46.33 46.18 46.23 45.88 45.75 45.66 42.01 41.94 42.15 42.87 43.06 43.00 44.77 42.40 43.31 43.33 43.25 42.83 43.25 43.82 42.80 42.67 42.68 43.43 43.10 42.12 42.07 42.22 42.48
39.63 38.43 39.49 36.18 37.80 38.93 40.19 40.67 40.81 41.04 40.53 40.68 39.98 40.10 40.74 40.06 41.15 40.20 40.86 40.23 40.43 40.93 41.14 41.32 41.07 42.03 42.12 42.30 41.51 41.33 41.87 41.45 42.15 42.43 42.49 42.52 42.65 42.77 42.79 42.90 42.87 43.06 43.37 43.43 43.61 46.67 46.59 46.70 46.16 46.16 46.08 45.90 45.85 42.50 43.04 44.18 43.44 43.92 42.93 43.87 44.60 43.04 42.69 43.79 43.12 42.77 42.75 43.38 43.50 42.40 42.40 42.10 43.05 42.60 42.32 42.20
39.94 40.25 36.35 37.73 38.94 40.32 40.88 40.88 41.25 40.77 40.61 39.88 40.52 41.24 40.52 41.80 41.56 41.35 40.59 40.76 41.09 41.26 41.68 41.59 41.68 41.85 41.99 41.70 41.93 41.80 42.48 42.77 42.79 42.90 42.95 43.16 43.38 43.32 42.97 43.56 43.60 43.85 43.95 47.07 46.88 47.09 46.53 46.43 46.44 46.19 46.17 46.14 46.21 46.57 43.84 44.30 43.33 44.16 43.93 43.82 43.58 43.00 43.17 43.37 43.15 43.05 42.68 42.55 42.47 42.32 42.88 42.78 42.55 41.65 42.45 42.15
40.48 36.54 37.16 38.96 40.50 41.08 40.90 41.20 40.77 40.76 40.32 40.89 41.81 41.82 42.32 42.06 42.02 40.91 41.49 41.35 41.53 41.92 42.32 42.45 42.52 42.19 42.13 42.60 42.61 43.17 43.11 43.22 43.32 43.42 43.63 43.86 43.79 44.04 44.14 44.23 44.42 47.43 47.25 47.37 46.89 46.82 46.77 46.57 46.54 46.39 46.48 47.00 48.11 46.59 44.73 44.59 44.72 44.05 44.87 44.01 43.80 43.62 43.52 43.37 43.02 42.92 42.65 43.15 43.12 42.77 42.57 42.92 42.52 42.55 42.88 42.35
36.85 37.16 38.98 40.74 40.96 40.87 41.39 41.21 41.02 40.98 41.25 41.37 42.87 42.56 42.46 41.88 41.58 42.17 41.95 41.89 42.31 42.42 42.63 42.89 42.37 42.96 42.70 43.49 43.55 43.59 43.69 43.84 44.28 44.08 44.26 44.39 44.59 44.90 44.86 44.91 47.70 47.75 47.12 47.18 47.14 46.85 47.09 46.83 46.72 47.22 48.14 46.75 47.25 47.52 46.81 44.09 44.88 44.32 44.35 44.20 43.97 43.50 43.35 43.02 42.95 43.50 43.11 42.85 42.45 42.97 42.75 43.20 42.28 41.46 41.75 41.97
37.02 38.95 40.86 41.08 41.29 41.53 41.63 41.11 41.61 42.03 41.64 43.09 42.91 42.87 41.99 42.49 42.87 42.76 42.60 42.74 43.16 42.79 42.91 43.13 43.21 43.43 43.95 43.83 44.02 44.03 44.53 44.48 44.04 44.69 44.89 45.17 45.44 45.08 47.99 48.11 47.54 47.47 47.49 47.28 47.19 47.22 47.14 47.54 47.85 47.16 47.52 47.42 46.94 47.04 46.81 45.06 44.72 44.52 44.50 44.15 44.00 43.50 43.05 42.82 43.12 42.72 42.62 42.90 43.48 42.72 42.27 42.10 41.45 41.75 41.05 41.98
38.97 40.83 41.63 41.64 41.72 42.07 41.01 41.63 42.65 41.95 43.35 42.87 42.28 42.27 43.09 43.19 43.11 43.35 43.41 43.16 43.24 43.26 43.91 43.64 44.37 44.16 44.22 44.44 44.66 44.80 44.30 44.99 45.23 45.37 45.76 45.75 48.43 48.42 47.92 47.97 47.76 47.73 47.73 47.58 47.91 47.99 48.03 47.60 47.72 47.94 47.18 47.83 47.45 46.90 46.67 44.87 44.67 44.60 44.40 44.00 43.57 43.22 43.62 43.10 42.62 42.92 42.83 42.35 42.32 42.23 41.95 41.53 42.14 41.79 42.32 41.92
40.99 41.86 42.06 42.19 42.69 41.47 42.63 43.29 43.48 43.67 43.09 42.71 42.99 43.63 43.45 43.98 43.79 44.29 43.58 43.37 43.99 43.89 44.34 44.90 44.55 44.73 44.95 45.33 45.20 45.44 45.64 45.68 46.11 46.15 48.73 48.80 48.39 48.39 48.21 48.09 48.14 48.07 48.64 48.48 48.30 47.97 47.99 48.41 47.74 47.55 47.61 47.14 47.13 46.92 46.75 46.68 44.67 44.15 44.12 43.82 43.95 43.72 43.25 43.18 42.77 42.20 42.12 42.00 41.82 42.26 42.54 42.67 42.20 42.40 41.93 41.99
42.00 42.01 42.58 43.29 41.92 42.62 42.74 44.12 43.77 44.17 42.95 44.13 44.01 43.91 44.26 44.33 43.88 44.04 44.07 44.36 44.40 45.15 44.87 45.05 45.19 45.87 45.57 45.76 46.09 45.98 46.63 46.33 49.09 49.17 48.80 48.66 48.61 48.61 48.61 48.64 49.12 49.44 48.56 48.47 48.76 48.24 48.44 48.26 48.01 47.49 47.34 47.17 47.12 46.88 46.54 46.33 44.40 44.42 44.20 44.00 44.12 43.75 42.97 42.91 42.35 42.07 41.87 42.15 42.20 42.57 42.57 42.87 42.24 42.85 42.52 42.30
42.74 43.14 43.51 42.80 43.15 43.31 44.19 44.21 44.63 43.83 44.59 44.13 44.47 44.89 45.02 44.36 44.39 45.01 44.67 45.57 44.97 45.18 45.28 46.20 45.99 46.12 46.36 46.44 47.11 47.05 49.44 49.53 49.32 49.18 48.95 49.04 49.11 48.93 49.68 49.83 49.02 48.98 49.27 48.68 48.81 48.62 48.13 48.06 47.88 47.62 47.52 47.13 46.90 46.74 46.54 46.53 46.19 44.57 44.25 43.30 43.65 43.15 42.70 42.35 42.55 42.52 42.00 42.85 42.81 42.93 43.13 42.77 42.70 42.25 41.95 42.30
43.57 43.86 44.12 43.89 43.93 44.21 44.67 44.38 44.35 44.87 44.91 44.74 45.31 44.67 44.69 44.79 45.12 45.14 46.27 45.45 45.57 45.82 46.09 46.13 46.62 46.84 47.51 47.29 49.85 50.02 49.54 49.53 49.41 49.48 49.47 49.47 49.97 50.32 49.62 49.73 50.16 49.28 49.15 49.38 48.58 48.43 48.32 48.07 47.89 47.42 47.28 47.21 47.15 46.90 46.71 46.53 46.34 43.87 43.70 43.50 43.25 43.40 43.37 42.65 43.35 43.18 43.45 43.46 43.12 43.23 42.71 42.24 42.75 43.15 43.00 42.92
44.01 43.99 44.13 44.72 44.49 45.00 44.63 45.60 45.53 45.71 45.61 46.06 45.18 45.18 46.16 46.28 46.56 45.96 45.97 46.10 46.55 46.40 46.94 47.04 47.71 47.51 50.22 50.36 49.89 49.79 49.80 49.86 49.83 49.89 50.49 50.45 50.13 50.50 49.82 50.09 50.11 49.44 49.28 49.12 48.71 48.57 48.15 48.01 47.86 47.71 47.57 47.18 47.08 46.81 46.61 46.18 46.05 43.62 43.71 43.90 43.35 43.25 43.20 43.91 43.72 43.57 43.95 42.94 42.95 43.37 43.47 43.42 43.27 42.80 42.16 42.57
44.39 44.72 44.84 44.89 45.09 45.08 45.63 45.72 45.65 46.66 45.73 45.87 45.82 45.81 47.12 46.26 46.27 46.44 47.52 46.87 47.17 47.24 47.77 47.84 50.65 50.66 50.29 50.17 50.14 50.21 50.24 50.53 50.98 50.57 50.54 50.91 50.25 50.16 50.68 49.64 49.72 49.62 49.30 49.08 48.68 48.53 48.43 48.27 48.02 47.72 47.44 47.16 46.82 46.47 46.19 46.31 46.33 45.79 43.87 43.35 43.75 44.27 44.20 43.70 43.60 43.47 43.95 43.85 43.87 43.68 43.15 42.35 43.02 42.92 43.12 43.17
45.08 45.22 45.36 45.52 45.49 45.80 45.95 46.49 46.96 46.28 46.48 46.75 47.32 47.69 46.87 46.96 48.04 47.28 47.72 47.82 48.59 48.55 51.07 51.03 50.65 50.48 50.56 50.55 50.63 51.36 51.78 50.87 50.97 51.65 51.14 50.95 50.17 50.50 50.39 50.02 49.78 49.54 49.34 49.08 49.00 48.73 48.37 48.04 47.72 47.48 46.98 46.60 46.80 46.76 46.38 46.41 45.92 46.23 43.75 43.77 44.12 44.15 44.00 44.13 44.42 44.25 43.85 43.03 42.93 43.02 43.35 43.49 43.67 42.78 42.22 42.92
45.59 45.68 45.86 46.00 46.00 46.16 46.78 46.58 46.74 47.55 47.83 48.23 47.14 47.30 47.76 47.72 48.04 48.18 49.14 49.17 51.50 51.24 51.00 50.75 50.77 50.81 50.93 51.74 52.07 51.33 51.58 51.15 51.79 51.26 50.90 50.82 50.70 50.40 50.24 50.00 49.81 49.64 49.42 49.32 48.81 48.26 48.21 47.66 47.24 47.41 47.30 47.08 47.03 46.54 46.73 46.38 46.31 46.41 44.72 44.35 44.07 44.75 44.77 43.62 43.70 43.12 43.62 43.75 43.44 42.72 42.77 43.23 43.05 42.99 42.67 42.80
46.22 46.32 46.38 46.58 46.82 47.16 47.02 47.22 47.36 48.21 47.84 47.97 48.23 48.03 48.22 48.74 49.39 49.58 51.89 51.43 51.29 51.06 51.16 51.14 51.14 51.97 52.04 51.78 52.25 51.60 51.84 51.98 51.56 51.52 51.08 50.76 50.66 50.56 50.26 50.12 49.92 49.48 49.25 48.87 48.41 48.01 48.16 48.04 47.66 47.84 47.28 47.30 47.18 46.96 46.98 46.83 46.56 46.50 46.75 44.17 44.20 44.00 43.94 44.30 43.77 43.53 43.13 43.36 43.42 43.45 43.40 43.50 43.55 43.22 42.90 42.97
46.79 46.93 47.00 47.17 47.36 47.50 48.03 48.20 48.66 48.22 48.58 49.40 48.86 49.17 49.31 50.40 52.54 52.10 51.60 51.53 51.53 51.54 51.57 52.27 51.92 52.01 52.65 52.59 52.64 52.00 51.88 51.50 51.14 51.18 51.00 50.90 50.84 50.60 50.28 49.94 49.64 48.95 48.68 48.99 48.73 48.52 48.46 47.92 47.88 47.75 47.62 47.51 47.25 47.16 46.76 46.66 46.64 46.56 46.26 44.75 44.14 44.19 44.02 43.95 43.87 43.90 43.95 43.90 43.82 43.26 43.22 43.37 43.10 43.10 43.17 43.05
47.37 47.59 47.75 47.89 48.09 48.26 48.61 48.58 48.78 49.62 49.27 49.70 49.72 50.80 53.04 52.63 52.06 52.04 51.93 51.91 51.93 53.49 52.47 52.48 52.40 52.83 53.18 52.48 52.45 52.00 51.84 51.72 51.50 51.26 51.24 50.82 50.50 50.21 49.92 49.72 49.82 49.60 49.58 49.38 48.85 48.68 48.45 48.31 47.80 47.78 47.62 47.27 47.30 47.14 47.00 46.47 46.41 46.41 46.30 44.50 44.03 43.65 44.40 43.89 43.62 43.77 43.57 43.55 43.75 43.53 43.37 43.25 43.02 43.02 42.97 42.90
48.01 48.33 48.47 48.69 48.74 48.94 49.13 49.60 49.59 49.90 50.28 51.34 53.44 52.86 52.57 52.51 52.55 52.52 53.04 53.84 53.24 53.43 52.86 53.55 53.36 52.76 52.74 52.59 52.38 52.21 52.10 51.78 51.58 50.88 50.62 50.50 50.06 50.26 50.31 50.46 50.18 49.84 49.37 49.11 49.04 48.44 48.48 48.17 47.94 47.77 47.60 47.38 46.91 47.04 47.11 46.93 46.64 46.23 46.13 44.00 44.05 44.25 44.17 43.90 44.25 44.30 43.36 43.02 43.45 43.22 43.40 43.20 43.25 43.15 42.95 42.92
