src/test/data/Beispiel_Rasterfile.asc
ncols         301
nrows         209
xllcorner     2626957.5
yllcorner     1238402.5
cellsize      5
NODATA_value  -100
[rows 170 to 203 of 209, columns 76 to 151 of 301]
60.39 62.57 62.53 63.06 63.69 64.00 64.08 64.43 64.38 64.54 64.61 64.80 64.43 63.95 64.29 64.28 64.30 64.80 64.17 63.64 63.25 62.57 60.91 59.93 59.81 60.03 59.76 59.38 59.55 60.05 60.04 60.20 60.21 60.46 60.51 60.55 60.54 60.36 60.17 53.85 52.05 50.58 49.09 48.35 47.07 47.33 46.44 45.21 46.06 45.21 44.68 44.61 44.51 45.18 43.67 43.40 45.19 43.77 44.23 43.67 41.85 41.77 41.97 42.15 42.13 42.20 42.10 41.84 41.64 41.50 41.63 41.96 42.14 41.94 42.17 42.22
58.85 62.45 62.47 62.54 43.95 45.45 63.85 64.39 64.35 64.71 64.81 64.71 64.43 64.45 64.54 64.37 64.51 63.63 62.45 62.34 61.34 60.38 59.65 58.74 58.40 58.85 59.28 59.44 59.57 59.93 59.86 59.97 59.95 60.22 60.21 60.20 59.88 54.21 52.30 50.88 49.66 48.26 47.27 46.37 45.65 45.91 45.60 45.42 45.02 45.10 44.27 44.05 43.47 44.88 43.87 43.15 44.60 43.91 44.27 43.21 41.99 41.40 42.07 42.30 41.99 42.07 41.60 41.49 41.41 41.58 41.87 42.03 42.24 42.25 42.34 42.35
49.28 60.83 62.29 45.90 45.39 40.65 63.42 64.07 64.32 64.56 64.75 64.39 64.63 64.37 64.18 63.53 62.91 61.74 61.71 60.20 59.83 58.51 58.40 58.75 58.95 59.15 59.33 59.04 59.44 59.72 59.64 59.79 59.49 59.71 59.58 53.84 52.76 51.76 49.63 48.44 47.51 46.25 45.37 44.85 45.15 44.67 44.83 44.27 43.91 44.37 44.89 43.62 43.16 44.50 43.76 43.14 43.07 44.36 43.65 42.66 42.12 41.35 41.77 41.89 41.71 41.78 41.51 41.79 41.60 41.68 41.76 41.91 42.29 42.11 42.40 42.21
51.22 59.83 54.94 42.02 47.17 46.44 62.61 63.13 63.11 63.13 63.17 63.48 63.11 46.95 47.80 61.52 61.00 59.63 59.72 59.19 58.66 58.68 58.53 58.64 58.73 59.00 59.25 58.84 59.34 59.47 59.29 59.26 59.10 52.89 52.36 51.39 50.61 49.49 47.10 46.32 45.58 44.72 44.13 43.71 43.49 44.44 43.66 43.26 43.59 43.38 44.39 43.58 42.98 43.17 43.42 43.36 44.32 44.94 43.53 42.61 42.20 41.20 41.36 40.95 41.16 41.69 41.60 41.95 41.76 41.88 41.82 41.90 42.30 42.19 42.24 42.30
52.45 51.86 54.93 44.89 48.03 61.95 61.62 61.79 61.15 61.24 59.64 60.49 54.22 44.80 48.02 43.98 59.85 59.36 59.33 58.55 58.17 58.35 58.20 58.39 58.52 58.75 59.03 58.64 58.73 58.70 53.24 52.39 50.99 50.39 50.31 49.08 48.65 47.53 45.28 44.79 44.07 43.35 44.67 44.36 42.74 43.71 43.12 42.62 42.86 42.92 44.15 43.54 42.68 42.37 43.40 42.98 44.46 44.94 43.40 42.99 42.82 41.20 41.33 41.60 41.36 41.63 41.84 41.87 41.73 41.72 41.78 41.87 42.43 42.22 41.90 41.91
49.70 49.01 54.10 48.00 61.30 61.48 61.26 63.71 62.80 60.17 59.76 56.64 47.81 47.52 48.63 59.16 59.34 58.59 57.81 57.60 57.85 58.10 58.01 57.98 58.22 58.20 58.31 52.36 52.35 51.56 50.80 49.43 48.52 48.53 48.16 47.38 47.00 45.99 45.17 44.95 44.18 43.80 43.52 43.52 42.06 42.86 42.56 42.36 42.48 42.55 43.75 43.75 42.70 42.00 43.15 42.76 43.97 44.65 42.95 43.15 42.62 40.91 40.65 41.58 41.98 41.68 42.10 41.78 41.76 42.02 42.32 41.85 42.06 42.05 41.62 41.90
47.94 46.94 45.77 57.95 61.40 61.38 61.15 61.90 40.50 60.41 59.88 56.40 47.66 48.88 59.42 58.88 57.97 57.45 57.36 57.28 57.62 57.53 57.56 52.56 52.07 51.42 51.42 49.97 49.60 49.09 48.76 47.76 47.03 46.67 46.77 46.33 45.47 43.99 42.70 42.67 42.73 43.22 42.50 43.01 41.80 41.90 42.07 42.20 42.13 42.23 43.69 43.47 42.57 42.05 43.11 42.56 42.20 43.87 43.48 42.95 41.91 40.85 40.76 41.15 41.94 41.71 41.61 41.76 42.40 42.05 42.29 42.22 41.96 42.05 41.34 41.48
47.88 47.08 49.38 59.68 60.07 60.07 47.58 42.84 40.99 39.23 55.90 56.33 44.67 51.52 52.95 57.47 57.69 57.08 47.10 44.82 51.85 51.23 50.86 50.01 49.62 49.32 49.19 48.14 48.24 48.85 48.42 47.82 46.09 45.41 44.14 43.33 43.08 42.79 42.02 42.05 41.72 42.75 41.61 42.66 41.83 42.30 42.94 41.90 41.90 42.05 43.52 43.30 42.29 41.98 43.64 42.43 41.64 42.71 43.93 42.74 42.08 40.99 40.74 41.44 41.70 41.64 41.80 41.87 42.11 42.05 41.88 41.89 41.95 41.65 41.33 40.97
49.20 47.26 52.67 53.87 59.81 45.78 50.55 41.38 39.57 41.26 40.59 56.22 46.39 52.54 51.28 51.38 45.73 44.74 43.95 50.85 50.53 50.10 49.43 47.83 47.88 47.62 47.10 48.62 48.36 47.27 46.30 45.27 44.43 44.14 42.79 42.63 42.53 42.19 41.60 41.72 41.45 41.51 42.71 42.54 42.58 42.05 42.50 41.73 41.45 41.63 42.83 42.85 42.03 41.58 42.81 42.03 41.41 42.64 43.94 42.36 41.45 41.14 40.70 41.38 41.33 41.64 41.56 41.93 41.92 41.87 41.69 41.93 42.03 41.94 41.72 40.71
45.28 52.55 50.69 53.68 54.82 42.84 50.14 41.92 41.60 42.68 55.28 49.89 52.21 52.01 51.36 49.65 43.55 41.80 42.10 48.80 49.31 49.31 47.71 46.79 47.88 46.26 47.57 47.68 46.98 46.00 45.01 44.37 43.64 43.41 42.27 42.23 43.07 41.81 42.00 41.55 42.51 42.52 42.71 42.49 42.75 41.90 41.97 41.25 41.30 40.96 41.92 43.24 41.70 41.07 41.78 42.17 41.30 42.19 43.98 42.10 42.09 41.85 40.56 41.09 41.28 41.73 41.60 41.77 41.63 41.77 41.53 41.87 41.84 41.76 41.96 40.69
46.10 38.78 50.44 46.71 54.00 41.30 40.64 42.05 43.47 46.16 55.40 50.67 51.91 50.68 50.29 47.43 43.77 41.40 43.13 48.50 48.84 48.14 46.99 45.74 46.36 46.97 45.97 46.10 45.50 44.54 44.14 43.77 43.17 43.06 41.94 42.60 43.70 43.35 42.93 43.15 42.80 42.60 42.63 42.23 42.35 41.46 42.07 41.02 41.07 40.63 41.91 43.26 41.53 40.90 41.63 41.89 41.60 42.00 43.46 41.85 41.81 41.83 40.30 40.48 41.28 41.64 41.73 41.34 41.53 41.81 41.63 41.76 41.67 41.73 41.87 41.16
42.58 41.11 50.88 45.09 43.92 40.80 41.52 43.47 45.01 45.62 53.60 49.60 42.68 48.81 47.66 47.57 41.66 41.15 43.92 47.36 47.40 47.96 47.22 46.13 47.08 45.48 45.01 45.08 44.71 44.77 43.80 43.35 42.94 42.91 42.88 43.27 43.85 43.45 43.01 43.15 42.75 42.38 42.33 41.92 42.20 41.60 41.80 40.78 40.63 40.71 41.48 42.94 41.15 40.68 41.03 41.70 40.67 41.85 43.22 41.90 42.45 41.36 40.47 40.31 41.00 41.28 41.50 41.52 41.54 41.69 41.68 41.44 41.67 41.91 41.84 41.76
41.08 52.55 43.19 44.36 41.81 39.33 42.38 43.56 46.25 46.15 51.61 50.85 48.30 46.90 48.18 46.24 42.86 41.61 45.55 46.66 41.82 41.53 46.00 47.33 46.57 44.86 44.47 44.62 44.40 45.06 43.75 43.22 42.97 43.01 43.29 43.75 43.95 43.26 42.73 43.10 42.72 42.42 42.44 42.02 42.40 41.64 41.50 41.04 40.63 41.20 41.39 42.51 40.95 40.88 40.52 42.14 41.23 41.70 42.87 41.89 42.03 41.13 40.86 40.34 40.99 41.18 41.37 41.04 41.35 41.37 41.40 41.30 41.73 41.68 41.53 41.63
48.02 48.89 45.95 43.76 40.90 39.59 40.20 45.14 45.12 48.02 45.66 49.78 49.31 47.45 46.50 44.21 41.86 42.90 38.65 45.25 42.97 40.85 40.18 40.06 45.15 45.71 44.52 44.46 45.09 44.69 43.82 43.38 43.01 43.42 43.07 43.67 43.75 43.35 42.78 43.25 42.83 42.42 42.81 42.33 42.43 41.43 41.55 41.06 40.94 41.13 41.57 42.33 41.00 40.75 40.62 42.78 41.02 41.13 42.43 42.55 41.84 40.91 41.04 40.37 40.79 41.06 41.51 41.30 41.36 41.05 41.39 41.38 41.67 41.48 41.39 41.57
52.41 44.83 47.22 45.21 42.14 40.13 39.75 40.81 43.02 47.43 50.82 48.52 45.29 45.37 46.11 43.01 41.98 41.78 39.57 40.60 40.15 39.60 40.80 40.75 42.59 45.98 44.26 44.43 45.41 44.91 43.80 44.65 43.06 43.11 43.09 43.65 44.00 43.50 43.08 43.27 43.08 42.78 42.21 42.18 41.73 41.42 41.66 41.13 40.85 41.20 41.80 42.22 40.93 40.87 40.53 42.43 40.93 41.15 42.35 42.93 41.69 41.20 41.03 40.11 40.53 41.09 41.43 41.27 41.00 41.25 41.42 41.08 41.34 41.31 41.30 41.20
45.53 45.07 39.47 48.31 43.07 43.05 40.86 39.08 42.27 43.63 46.93 46.66 45.24 39.96 45.89 40.60 40.78 42.00 42.14 41.85 43.05 42.24 43.36 42.55 46.38 45.67 44.46 44.42 45.35 44.66 43.90 44.15 43.25 43.81 43.24 43.87 44.33 43.63 43.51 43.32 43.20 42.64 40.42 42.32 40.82 41.18 41.44 40.98 41.17 41.25 41.90 42.28 40.85 41.06 40.95 42.59 41.15 40.53 42.28 43.31 41.80 41.34 40.75 39.92 40.20 40.53 40.98 41.01 41.11 41.11 41.41 41.01 41.05 41.02 41.25 40.95
39.59 39.47 38.09 37.93 38.62 43.56 42.27 40.93 41.60 41.77 45.43 45.12 44.76 45.44 46.66 43.80 41.31 42.32 43.07 42.47 43.01 43.57 44.10 43.28 46.13 45.53 44.47 44.19 45.06 44.49 44.27 44.03 43.30 43.95 43.48 44.00 44.40 43.73 43.02 43.48 42.86 41.62 40.40 41.56 40.64 41.58 40.99 40.97 41.22 41.64 42.05 41.05 40.77 41.01 40.61 41.75 41.41 40.98 41.29 42.49 41.43 41.67 40.94 40.36 39.90 41.01 40.75 40.91 40.65 40.87 41.07 40.83 41.08 40.84 40.90 40.84
39.13 39.14 38.53 39.54 40.49 42.52 43.31 43.56 46.17 43.06 41.92 41.33 44.08 46.92 43.70 40.53 41.33 39.81 43.02 43.12 42.84 43.58 43.83 43.45 46.12 45.95 44.64 46.04 45.20 44.49 45.00 44.82 43.45 44.33 43.27 44.20 44.30 43.78 41.92 43.49 41.56 40.78 40.38 40.01 40.13 41.32 41.31 41.75 41.79 41.66 42.03 40.83 41.03 40.95 40.68 41.58 41.42 40.71 41.27 42.47 41.72 42.29 40.57 40.82 40.16 40.60 40.71 41.05 40.71 40.93 40.96 40.92 40.81 40.70 40.93 40.81
39.43 38.67 40.21 41.07 41.64 40.87 48.78 47.41 45.91 46.66 43.20 39.87 40.38 40.52 39.60 40.11 41.16 39.20 43.11 43.65 43.85 44.87 45.00 44.93 44.80 46.55 45.71 44.60 45.42 44.24 45.22 44.93 44.21 44.47 43.29 44.33 43.98 43.61 41.20 43.37 40.88 40.88 40.27 40.20 40.18 41.20 41.79 41.97 41.65 41.87 42.03 40.80 41.21 41.05 40.64 41.43 41.20 40.64 41.17 42.57 41.53 42.24 41.02 41.04 40.23 40.18 40.48 40.79 40.91 40.75 41.07 40.97 40.89 40.78 41.03 41.24
38.87 38.70 40.67 41.39 42.19 44.47 48.93 47.79 48.13 34.82 37.41 41.00 38.22 41.90 39.76 40.76 41.05 39.12 45.47 45.25 36.89 38.50 39.11 37.31 44.41 46.63 46.03 43.38 45.44 44.26 44.94 44.55 44.78 44.52 42.89 44.31 43.75 43.20 41.24 42.52 40.85 40.88 40.38 39.99 40.23 41.99 41.72 41.73 41.62 41.81 42.05 41.02 41.15 40.91 40.55 40.86 42.12 41.34 41.84 42.24 42.22 41.69 41.29 40.89 40.24 40.00 40.11 40.53 40.63 40.79 40.95 41.16 41.02 40.70 41.03 40.96
38.74 40.57 41.53 42.26 44.44 47.97 47.09 46.64 34.76 39.90 34.40 41.83 39.81 43.37 40.08 40.96 40.86 39.67 45.77 40.43 40.75 42.00 42.46 41.80 44.20 46.53 45.97 45.13 45.25 44.61 44.87 44.78 44.78 44.55 42.86 43.77 43.75 42.90 41.21 41.25 40.88 40.80 40.42 39.97 40.50 42.05 41.69 42.20 41.76 42.00 42.16 41.22 40.86 40.72 40.95 40.80 41.90 41.13 41.33 42.28 42.33 41.91 41.54 41.10 39.88 40.12 40.07 40.26 40.05 40.45 40.55 40.89 40.98 40.59 40.82 40.96
41.15 41.28 42.48 45.59 49.11 48.05 35.62 34.94 34.93 36.25 36.75 42.33 43.94 36.80 32.95 40.99 41.13 42.46 45.70 40.12 38.52 39.64 41.38 46.69 44.06 45.30 45.18 46.13 45.41 45.35 45.46 44.90 44.65 44.67 42.66 43.69 43.75 42.96 41.23 41.30 40.92 40.90 40.58 40.04 40.48 42.34 41.86 42.30 41.79 42.07 42.14 41.26 40.95 40.62 40.97 40.97 41.85 41.06 40.84 41.78 42.09 41.50 41.94 40.82 40.33 39.93 40.25 40.21 40.05 40.58 40.74 40.70 40.98 40.79 41.10 41.03
41.18 41.46 42.88 47.08 35.15 37.80 36.01 38.32 35.22 37.21 39.40 43.51 33.30 35.38 35.76 41.11 41.76 46.17 45.40 41.90 41.14 41.68 43.46 45.37 44.24 45.13 45.24 45.84 45.52 45.54 45.54 44.78 44.88 44.56 42.86 43.78 43.73 43.06 41.31 41.30 40.98 41.02 40.77 40.31 40.50 42.57 41.48 42.05 42.17 42.09 41.90 41.42 40.93 41.00 41.22 40.93 41.76 41.30 40.79 41.89 42.54 41.72 42.03 40.76 40.63 39.86 40.13 39.74 40.35 40.20 40.68 40.67 40.84 41.08 40.60 41.09
41.72 42.46 44.55 40.09 40.65 38.13 34.49 38.24 37.40 38.68 33.90 34.99 36.68 37.93 34.93 32.18 40.81 45.95 44.82 42.48 42.49 42.97 44.68 37.56 44.40 46.07 46.03 45.97 45.10 45.55 45.51 44.75 45.00 44.13 42.88 43.93 43.83 43.11 41.33 41.45 41.07 41.10 40.82 40.44 40.58 42.41 41.53 42.12 42.27 42.09 41.97 41.58 40.90 41.04 41.31 40.82 41.57 41.32 41.01 42.34 42.04 41.78 41.89 41.04 40.91 40.03 40.01 40.26 40.17 40.23 40.41 40.48 40.64 40.89 40.42 40.97
42.33 46.21 49.72 38.99 38.08 39.16 38.82 39.50 37.81 34.71 35.01 36.94 33.83 35.60 36.94 40.09 40.62 46.12 43.80 43.16 43.38 44.13 44.87 40.31 38.86 37.57 46.61 45.79 45.39 45.50 45.49 45.54 45.20 44.05 42.94 44.16 43.85 43.26 41.91 41.45 41.01 41.32 40.92 40.52 40.68 42.44 41.57 42.09 42.33 41.87 41.54 41.05 40.83 41.08 41.15 40.89 41.26 41.02 40.80 42.92 42.45 41.83 42.09 41.03 40.71 39.96 39.94 40.16 40.06 40.31 40.28 40.54 40.52 40.43 40.47 40.65
45.34 47.59 43.35 41.68 41.62 41.23 32.18 34.16 33.73 36.01 32.58 35.83 36.40 36.81 38.71 40.66 40.00 46.45 44.67 44.82 44.30 44.43 45.23 40.36 36.40 39.61 38.33 46.45 45.86 45.62 45.64 45.21 45.66 44.17 42.97 44.16 43.88 43.41 41.81 41.47 41.09 41.40 40.92 40.60 40.75 41.63 41.52 42.12 42.21 42.03 41.51 41.38 40.75 41.07 41.38 40.62 41.57 41.05 40.89 40.88 42.00 42.05 41.80 41.03 41.00 39.80 39.89 40.05 40.28 40.08 40.37 40.68 40.51 40.57 40.33 40.52
45.59 46.44 43.10 42.88 31.89 33.57 35.23 36.18 31.02 34.96 34.91 37.19 38.03 38.78 39.69 41.62 39.80 46.47 45.87 45.69 45.44 45.14 41.43 41.63 40.15 37.53 44.59 46.12 45.83 45.68 45.61 45.39 45.63 44.28 43.49 44.15 44.06 43.37 41.81 41.60 41.40 41.50 41.03 40.36 40.70 40.88 41.05 42.32 42.18 42.09 41.34 41.56 40.80 41.03 41.16 40.72 41.55 42.03 41.16 41.34 41.95 41.81 41.35 41.31 40.65 40.18 39.56 40.18 40.12 40.39 40.25 40.62 40.70 40.75 40.52 40.30
50.31 46.24 34.08 34.79 34.98 34.62 35.25 35.71 35.59 35.96 38.91 38.73 39.54 38.88 40.16 41.65 42.67 46.57 46.08 36.60 38.15 46.26 43.68 42.66 42.00 41.20 46.72 45.92 45.63 45.68 45.72 45.49 45.73 44.38 43.48 44.25 44.11 43.48 41.96 41.46 41.31 41.41 41.02 40.57 40.86 40.88 41.21 42.19 41.98 42.31 41.41 41.15 40.65 41.00 41.06 40.60 40.80 41.74 40.65 40.40 41.35 41.83 41.25 41.46 40.56 40.10 39.60 40.07 39.99 40.24 40.22 40.35 40.24 40.43 40.46 40.41
48.34 38.58 37.58 38.55 34.91 33.55 37.66 36.69 36.94 37.08 39.42 39.73 39.77 39.88 41.16 42.71 44.35 39.03 40.72 42.89 42.37 46.35 44.71 43.18 42.99 42.53 46.15 46.00 45.50 45.45 45.35 44.19 44.21 44.42 43.16 44.32 44.33 43.66 42.06 41.53 41.39 41.53 41.08 40.57 40.91 40.95 41.26 42.08 42.05 41.82 41.46 41.22 40.85 40.90 41.00 40.81 40.78 41.49 40.72 40.53 41.39 42.14 41.21 41.75 40.31 40.95 39.58 39.94 39.89 40.09 40.21 40.33 40.39 40.25 40.25 40.41
45.05 37.40 34.90 35.97 35.94 35.40 38.53 37.75 38.42 37.95 39.63 41.58 41.02 33.58 42.08 38.66 38.52 42.75 42.60 35.60 41.90 46.58 43.63 43.80 43.76 43.32 46.01 45.96 45.81 45.21 44.85 44.18 43.30 44.58 43.25 44.47 44.48 43.79 42.20 41.63 41.49 41.53 41.08 40.80 41.13 40.95 41.07 42.23 42.35 41.51 40.68 41.10 40.99 40.91 40.85 40.97 40.48 41.41 40.55 40.41 41.48 41.56 41.38 41.53 40.79 40.51 39.50 39.86 39.90 40.02 40.03 40.27 40.47 40.33 40.26 40.31
42.47 33.35 36.50 37.88 36.41 36.07 39.65 38.13 40.43 38.86 39.63 43.27 41.88 36.10 42.76 40.90 43.87 43.80 39.63 42.30 42.99 46.07 44.05 44.58 43.94 43.72 45.05 45.81 46.02 45.25 45.74 44.16 43.94 44.83 43.32 44.78 44.68 43.89 42.34 41.83 41.38 41.58 40.90 40.92 41.45 41.06 41.10 42.30 42.41 41.42 40.53 41.17 40.88 40.88 40.89 40.91 40.54 41.24 40.91 40.59 40.84 41.87 41.58 41.47 40.64 40.74 39.70 39.45 40.14 40.00 40.39 40.20 40.53 40.43 40.46 40.33
46.21 41.14 39.73 38.83 37.73 39.86 39.60 39.10 40.06 40.75 42.04 43.80 34.16 37.98 35.19 42.40 41.20 42.70 43.75 43.57 43.67 45.83 44.51 44.80 44.17 44.48 45.22 45.98 46.12 45.93 46.09 45.85 44.55 45.03 43.68 44.95 44.83 44.07 42.56 42.03 41.51 41.65 41.26 40.92 41.18 41.10 41.10 41.93 42.55 41.63 40.58 41.27 40.70 40.80 40.81 40.91 40.53 41.02 40.55 40.07 40.80 41.72 41.99 -100.00 -100.00 -100.00 -100.00 -100.00 -100.00 -100.00 -100.00 -100.00 -100.00 -100.00 -100.00 -100.00
44.00 44.60 41.46 40.13 38.84 41.37 41.01 42.15 41.16 30.87 44.69 35.31 35.86 39.46 38.54 43.17 44.75 45.00 44.64 44.86 44.58 45.88 44.96 45.08 44.10 45.10 46.88 45.73 46.03 45.78 46.14 45.21 44.40 44.87 44.36 45.10 45.03 44.31 42.82 42.33 41.60 41.61 41.37 41.00 41.16 41.13 41.07 41.99 41.91 41.67 40.58 -100.00 -100.00 -100.00 -100.00 -100.00 -100.00 -100.00 -100.00 -100.00 -100.00 -100.00 -100.00 -100.00 -100.00 -100.00 -100.00 -100.00 -100.00 -100.00 -100.00 -100.00 -100.00 -100.00 -100.00 -100.00
41.87 43.24 39.66 41.12 40.53 44.45 42.83 42.65 36.68 34.79 34.51 36.92 39.24 35.17 39.28 43.18 45.32 45.56 45.34 45.39 45.36 46.00 45.67 45.51 44.91 45.52 47.05 45.71 45.98 46.19 46.01 44.29 44.59 45.04 44.64 45.35 45.25 44.46 -100.00 -100.00 -100.00 -100.00 -100.00 -100.00 -100.00 -100.00 -100.00 -100.00 -100.00 -100.00 -100.00 -100.00 -100.00 -100.00 -100.00 -100.00 -100.00 -100.00 -100.00 -100.00 -100.00 -100.00 -100.00 -100.00 -100.00 -100.00 -100.00 -100.00 -100.00 -100.00 -100.00 -100.00 -100.00 -100.00 -100.00 -100.00
